21
5
2
4
10
Poisson

136	194
143	237
136	216
137	204
128	197

151	264
159	261
130	254
128	252
163	247
146	246
161	242
142	239
163	236
148	232
128	231
156	217
129	214
146	208
164	208
141	206
147	193
164	193
129	189
155	185
139	182

6000

15000
15000
15000
15000
15000

1100
700
800
1400
2100
400
800
100
500
600
1200
1300
1300
300
900
2100
1000
900
2500
1800
700

50
50
50
50
50

0

0

Scenario 1
1097	732	854	1345	2056	362	838	101	524	570	1242	1336	1309	313	866	2011	1001	908	2432	1844	703	
Scenario 2
1110	700	771	1398	2042	370	814	107	524	589	1228	1223	1304	315	880	2092	1013	937	2558	1788	691	
Scenario 3
1108	701	775	1405	2054	404	804	104	487	595	1259	1266	1302	341	932	2178	1031	926	2594	1763	707	
Scenario 4
1008	746	808	1409	2112	411	780	98	540	563	1162	1294	1354	306	941	2161	998	887	2397	1878	698	
Scenario 5
1108	689	836	1449	2155	374	856	90	484	599	1169	1375	1342	283	893	2076	1006	916	2528	1810	684	
Scenario 6
1076	705	792	1448	2108	404	846	84	512	605	1201	1348	1302	294	877	2093	1063	887	2458	1793	675	
Scenario 7
1072	711	797	1395	2089	430	804	103	492	633	1251	1261	1313	325	901	2141	999	898	2494	1835	695	
Scenario 8
1078	696	763	1376	2041	410	808	114	533	609	1136	1326	1320	318	870	2095	1002	894	2509	1695	683	
Scenario 9
1089	679	823	1390	2074	444	815	98	468	610	1213	1340	1302	276	898	2128	985	927	2526	1820	673	
Scenario 10
1053	666	746	1324	2184	404	843	84	476	585	1259	1242	1267	310	913	2153	989	857	2411	1809	723	
END
