27
5
2
4
10
Poisson

4033	1316
4121	1250
3953	1207
3993	1054
4525	926

3873	1165
3915	1225
3928	1274
4145	1176
4163	1214
4170	1206
3926	1274
3926	1275
3983	1167
3965	1169
3966	1150
4266	1261
4263	1259
4242	1226
4211	1249
4234	1120
4233	1121
4376	1358
4348	1327
4364	1276
4551	1240
4329	876
4329	863
4268	1053
4129	1002
4004	1095
3995	1048

2500

9000
9000
9000
9000
9000

550
810
210
210
350
200
350
200
310
500
430
300
250
250
300
290
350
500
120
150
410
250
380
100
130
200
310

272
272
272
272
272

0

0

Scenario 1
573	795	203	186	349	210	370	208	304	512	430	324	261	243	276	286	356	512	120	159	413	258	371	103	132	212	294	
Scenario 2
554	833	211	242	378	185	380	213	290	507	436	292	255	274	272	331	339	506	120	162	405	219	370	88	129	188	329	
Scenario 3
528	831	201	232	358	205	378	185	316	514	417	327	238	264	311	288	351	501	119	161	406	274	362	91	128	205	318	
Scenario 4
534	774	209	215	345	189	319	221	322	548	413	296	252	236	294	293	320	490	121	120	430	249	356	100	163	202	301	
Scenario 5
533	820	208	215	363	200	356	226	323	501	407	289	272	257	271	275	344	489	117	160	386	222	394	79	111	198	296	
Scenario 6
565	810	211	208	354	203	347	205	330	495	410	317	233	248	328	289	354	514	126	148	423	268	373	100	140	210	334	
Scenario 7
522	812	206	191	354	212	380	211	295	499	458	313	243	251	307	302	333	486	107	131	421	236	357	80	108	216	292	
Scenario 8
522	801	189	197	361	188	362	189	315	501	419	293	245	245	329	306	355	487	92	155	418	243	412	102	132	203	317	
Scenario 9
510	785	217	197	380	179	353	195	341	503	432	255	254	243	316	284	338	541	101	177	370	226	406	102	130	204	321	
Scenario 10
515	824	199	237	356	214	361	204	313	536	425	305	270	254	309	289	374	456	114	143	406	268	360	97	129	192	345	
END
