32
5
2
3
10
Poisson

264	435
323	413
285	427
278	424
266	422

298	427
309	445
307	464
336	475
320	439
321	437
322	437
323	433
324	433
323	429
314	435
311	442
304	427
293	421
296	418
261	384
297	410
315	407
314	406
321	391
321	398
314	394
313	378
304	382
295	402
283	406
279	399
271	401
264	414
277	439
290	434
319	433

11000

35000
35000
35000
35000
35000

700
400
400
1200
40
80
2000
900
600
750
1500
150
250
1600
450
700
550
650
200
400
300
1300
700
750
1400
4000
600
1000
500
2500
1700
1100

50
50
50
50
50

0

0

Scenario 1
649	401	395	1223	38	75	2091	891	605	797	1520	139	268	1679	412	671	553	633	208	406	277	1234	752	720	1351	4098	584	995	497	2532	1723	1149	
Scenario 2
685	414	377	1183	58	79	1997	883	625	793	1560	153	268	1600	442	710	522	634	190	404	311	1279	734	704	1388	3962	632	922	508	2479	1658	1099	
Scenario 3
646	403	379	1217	52	70	1952	890	622	709	1491	157	258	1657	469	664	521	669	213	404	329	1285	694	745	1343	3975	559	1068	484	2527	1645	1116	
Scenario 4
702	445	402	1136	35	81	1976	898	644	719	1532	150	227	1723	453	750	553	662	175	377	277	1289	657	746	1427	4015	608	1035	532	2457	1645	1148	
Scenario 5
764	399	396	1178	45	74	2029	903	576	745	1522	142	270	1570	446	713	566	675	180	425	317	1260	690	777	1389	4101	658	968	491	2509	1739	1107	
Scenario 6
707	420	422	1167	42	82	1987	950	636	784	1484	156	250	1559	432	735	579	664	185	389	329	1288	670	749	1414	4028	608	1017	485	2551	1680	1086	
Scenario 7
706	417	378	1168	28	80	2076	849	607	778	1552	158	257	1639	426	756	519	594	218	389	271	1352	645	731	1331	4029	623	1013	488	2568	1724	1032	
Scenario 8
671	386	373	1251	53	86	2031	922	572	770	1507	145	261	1583	435	680	575	660	211	386	337	1323	695	760	1394	3928	578	963	498	2491	1748	1093	
Scenario 9
716	419	407	1175	37	85	2018	882	580	736	1515	128	243	1590	444	712	601	644	204	385	329	1264	701	746	1355	3923	598	996	470	2594	1643	1099	
Scenario 10
648	372	386	1167	37	70	2026	884	592	796	1509	152	248	1574	484	646	541	653	216	361	333	1289	714	725	1345	4000	551	1037	544	2506	1678	1138	
END
