20
5
2
3
10
Uniform

6	25
1	50
11	25
47	42
3	33

22	35
37	29
8	32
40	14
47	10
42	35
5	14
4	36
42	25
29	13
40	12
50	19
49	12
45	9
11	8
25	5
17	28
33	35
2	41
7	15

150

300
300
300
300
300

14
17
16
17
17
12
20
15
15
12
13
15
11
18
13
13
19
18
19
14

12286
12031
6995
8502
12790

1000

0

Scenario 1
16	7	21	11	17	8	25	24	20	4	13	25	17	29	18	11	20	6	18	20	
Scenario 2
25	16	19	15	10	9	32	18	11	13	12	27	13	7	20	16	22	29	5	18	
Scenario 3
15	3	10	17	5	6	15	7	13	7	10	8	5	4	14	20	31	13	18	8	
Scenario 4
4	18	3	4	19	5	23	12	26	21	3	22	9	12	22	9	13	12	34	11	
Scenario 5
9	26	12	16	15	5	23	20	9	14	23	16	4	16	8	8	9	29	4	13	
Scenario 6
21	16	26	30	25	2	30	12	12	14	5	13	8	3	8	9	29	16	22	22	
Scenario 7
23	7	27	20	17	18	35	14	20	19	4	8	18	11	11	14	27	22	29	21	
Scenario 8
21	13	27	15	18	20	11	6	12	7	12	6	10	5	5	13	20	4	17	6	
Scenario 9
19	4	22	17	26	6	7	17	8	15	8	8	3	15	21	2	10	13	16	17	
Scenario 10
13	7	24	20	21	21	26	16	14	7	5	21	4	23	20	10	5	23	22	19	
END
