20
5
2
3
10
Uniform

6	11
10	43
1	33
14	23
27	48

12	21
1	2
11	28
2	10
14	5
10	12
23	24
24	11
8	30
11	27
29	42
26	47
30	36
37	28
31	27
42	35
42	47
41	23
36	45
43	34

150

150
150
300
300
150

11
15
11
14
17
13
14
15
13
17
16
18
12
19
18
15
16
14
20
14

13551
5843
9037
8068
13671

1000

0

Scenario 1
6	12	5	23	13	14	24	24	14	14	23	22	10	29	15	25	3	10	4	4	
Scenario 2
19	27	5	22	15	8	9	27	10	27	4	7	17	31	6	21	18	10	18	23	
Scenario 3
17	9	15	17	18	23	25	21	11	9	25	14	9	14	25	23	12	2	26	19	
Scenario 4
7	22	15	4	13	12	5	27	5	4	18	16	17	12	10	17	6	5	15	7	
Scenario 5
10	4	6	13	25	7	9	12	19	25	20	17	7	23	32	6	6	14	12	12	
Scenario 6
5	7	11	6	3	18	23	14	19	11	10	25	6	11	12	21	13	12	22	23	
Scenario 7
5	13	16	8	7	5	6	26	15	14	6	27	21	7	25	19	4	25	29	17	
Scenario 8
10	11	6	17	24	13	8	27	4	17	26	23	17	16	19	9	23	25	29	13	
Scenario 9
8	3	11	8	16	12	7	4	13	20	25	29	10	3	26	21	4	2	15	19	
Scenario 10
16	20	11	18	28	20	6	17	19	5	13	24	18	4	13	7	13	22	26	13	
END
