27
5
2
4
10
Uniform

4033	1316
4121	1250
3953	1207
3993	1054
4525	926

3873	1165
3915	1225
3928	1274
4145	1176
4163	1214
4170	1206
3926	1274
3926	1275
3983	1167
3965	1169
3966	1150
4266	1261
4263	1259
4242	1226
4211	1249
4234	1120
4233	1121
4376	1358
4348	1327
4364	1276
4551	1240
4329	876
4329	863
4268	1053
4129	1002
4004	1095
3995	1048

2500

9000
9000
9000
9000
9000

550
810
210
210
350
200
350
200
310
500
430
300
250
250
300
290
350
500
120
150
410
250
380
100
130
200
310

272
272
272
272
272

0

0

Scenario 1
281	177	202	269	536	239	539	308	205	895	758	327	132	123	60	428	256	754	53	211	204	344	422	109	115	162	397	
Scenario 2
891	516	374	326	150	175	600	208	536	190	217	352	269	350	68	234	433	342	73	189	183	424	456	129	158	216	107	
Scenario 3
503	434	374	314	116	84	574	97	246	251	565	218	97	355	139	411	144	502	31	32	351	357	222	129	219	267	502	
Scenario 4
936	164	54	375	613	276	299	130	132	590	721	111	447	213	83	406	375	717	100	130	352	88	511	153	199	334	386	
Scenario 5
349	459	286	363	569	114	105	121	513	512	665	79	296	134	148	167	385	519	56	149	162	362	566	30	193	191	557	
Scenario 6
564	1432	257	272	360	118	182	340	326	700	188	73	227	154	198	182	297	876	125	249	285	57	517	49	99	90	356	
Scenario 7
275	644	212	152	361	191	372	251	309	426	300	253	264	270	236	151	105	145	129	170	147	314	428	65	154	309	445	
Scenario 8
150	1363	139	53	276	239	605	321	336	706	640	540	188	339	297	70	420	187	144	74	313	374	354	75	172	118	460	
Scenario 9
987	734	101	54	626	353	148	273	487	388	457	67	267	210	500	377	382	719	187	173	299	56	227	163	182	355	443	
Scenario 10
129	1052	51	284	351	346	277	181	88	453	592	338	334	402	438	498	537	221	137	198	571	107	159	24	53	54	543	
END
