50
5
3
6
10
Poisson

42	4
47	20
47	49
7	18
19	18

14	14
20	18
26	1
17	4
13	3
12	4
4	10
21	21
1	19
2	22
6	5
7	11
6	12
11	25
18	16
14	19
17	22
16	11
11	20
13	24
12	1
10	7
12	5
8	20
4	4
45	25
46	25
27	45
49	35
39	48
34	45
30	47
46	45
29	29
50	26
49	29
25	40
40	44
39	30
27	33
37	26
35	48
42	35
25	40
39	41
48	41
41	26
35	27
41	31
37	31

150

350
350
350
350
350

14
19
18
17
13
17
16
16
12
18
14
18
16
16
15
15
19
15
16
15
16
11
11
17
16
20
17
18
20
11
19
20
13
13
11
17
17
13
16
13
13
18
14
18
16
12
12
14
14
16

12318
11308
8938
14703
9073

1000

0

Scenario 1
16	18	10	14	15	18	27	25	9	17	15	21	23	19	17	11	23	10	17	10	22	9	11	18	17	17	14	8	22	11	17	12	13	9	11	11	15	13	11	12	17	20	8	21	24	15	10	9	18	23	
Scenario 2
17	28	24	16	18	11	25	17	12	22	11	16	16	21	15	17	18	13	16	16	16	5	14	14	17	14	14	20	23	10	21	23	11	19	13	16	16	7	20	14	8	19	18	19	11	10	10	17	13	17	
Scenario 3
15	16	11	13	15	14	10	20	14	24	13	14	8	20	15	16	20	16	16	18	19	11	10	17	15	21	16	17	22	6	15	20	17	15	13	13	13	8	20	10	9	19	11	21	20	13	13	21	12	16	
Scenario 4
11	14	16	16	16	12	20	14	10	18	11	11	17	23	19	14	19	13	8	14	19	10	8	14	9	21	22	14	13	6	28	20	6	4	10	18	14	18	17	14	11	19	10	19	12	14	10	16	12	13	
Scenario 5
18	12	25	10	11	19	20	13	8	12	12	17	13	19	21	13	13	18	19	17	13	12	12	16	16	12	16	14	21	10	13	17	12	6	11	20	10	6	14	11	13	17	11	26	13	11	13	13	11	12	
Scenario 6
12	18	15	10	20	20	17	19	15	20	25	26	14	26	11	14	20	17	10	17	19	11	8	12	22	15	20	17	27	5	21	20	9	10	13	13	15	8	13	6	15	25	20	18	22	14	12	13	8	11	
Scenario 7
12	21	10	17	12	16	14	11	14	16	12	19	22	12	19	16	16	17	12	19	17	11	17	16	25	21	17	20	17	8	22	21	16	8	10	19	13	12	16	10	8	21	13	13	18	8	11	12	21	13	
Scenario 8
9	20	12	18	14	18	20	18	20	25	20	22	17	15	12	18	13	9	23	17	18	10	17	20	14	26	23	15	19	5	27	14	17	11	11	17	12	14	13	9	13	16	11	16	15	14	10	10	25	15	
Scenario 9
10	21	23	15	11	13	10	11	7	9	13	23	14	16	17	15	15	16	15	15	15	10	11	15	11	29	21	18	17	7	17	22	15	12	12	14	27	19	18	17	13	17	16	26	16	16	12	17	22	15	
Scenario 10
19	17	19	22	12	14	23	16	8	18	12	14	15	16	15	15	19	16	16	15	18	12	11	10	14	21	14	31	17	11	18	17	19	10	10	18	19	11	15	11	13	18	19	25	8	16	8	16	22	13	
END
