50
5
2
12
10
Uniform

12	39
12	24
38	29
32	43
37	46

4	20
22	7
18	21
20	2
21	7
25	11
16	9
4	21
1	12
25	3
22	18
4	2
22	21
17	16
7	11
14	36
14	37
16	40
5	50
19	40
12	40
13	47
5	38
15	36
3	41
25	41
12	49
6	43
12	46
14	32
50	11
47	19
29	18
37	36
49	40
26	19
27	33
47	18
28	40
39	34
44	32
29	31
45	20
26	37
34	24
27	39
33	38
29	26
30	20
40	13

70

350
420
350
420
420

12
11
13
14
15
11
16
18
19
14
20
19
13
14
20
20
17
15
19
16
15
11
17
12
15
17
13
15
15
12
20
20
11
15
18
16
20
11
18
12
19
11
12
15
15
18
12
12
13
15

13462
13833
10659
5128
5583

1000

0

Scenario 1
17	11	19	9	13	17	11	30	22	15	15	26	22	2	26	8	22	9	10	23	11	2	10	7	9	23	17	27	26	5	11	10	15	13	22	3	8	6	30	10	10	3	3	11	24	4	15	21	11	15	
Scenario 2
11	12	16	9	17	8	23	25	4	12	8	23	5	6	18	13	19	14	7	3	23	14	12	2	8	24	9	16	21	18	26	35	4	20	26	3	25	13	32	20	11	4	9	22	8	16	14	5	19	13	
Scenario 3
14	16	10	3	19	16	15	6	8	6	35	8	12	20	14	14	6	7	13	24	15	9	11	12	24	7	12	3	4	14	28	24	18	11	12	22	29	14	7	11	9	2	18	21	18	16	4	18	4	20	
Scenario 4
14	4	9	19	26	2	19	21	7	18	18	29	10	14	14	30	17	26	3	19	3	16	26	4	24	9	22	20	12	8	36	27	14	4	25	6	9	3	24	16	3	19	11	6	6	12	11	15	16	21	
Scenario 5
9	14	18	10	27	15	15	21	6	6	6	11	3	19	29	8	13	8	34	25	25	14	8	19	12	8	10	7	18	19	5	18	9	11	3	17	6	8	27	12	32	18	4	6	8	13	10	11	11	14	
Scenario 6
12	6	19	17	16	16	9	17	27	24	13	17	20	14	10	8	18	7	27	22	21	12	25	5	7	4	3	16	20	2	30	21	13	21	29	11	11	8	18	13	27	18	10	17	22	26	14	8	23	15	
Scenario 7
18	15	20	6	22	3	14	11	8	24	23	32	20	10	28	30	10	14	14	4	11	5	23	20	5	9	3	4	10	21	13	35	17	25	26	8	28	6	19	2	11	15	8	4	25	17	9	8	10	20	
Scenario 8
5	15	4	11	15	7	7	10	16	23	36	16	7	25	24	33	8	25	18	6	14	11	22	6	4	17	20	16	27	17	7	5	11	18	11	18	35	5	27	9	10	4	12	6	18	9	12	18	17	26	
Scenario 9
12	19	3	24	6	5	11	15	15	4	23	8	16	6	11	4	16	21	26	20	16	8	22	4	5	12	23	15	22	19	4	21	10	7	7	19	34	16	25	21	31	13	7	19	11	10	2	20	9	3	
Scenario 10
21	12	14	21	21	6	23	20	15	7	34	10	23	12	29	14	8	19	20	18	19	14	25	17	13	24	3	23	27	20	24	24	4	19	10	24	10	19	15	2	32	5	3	27	4	28	19	14	7	11	
END
