20
5
3
5
10
Poisson

6	7
19	44
37	23
35	6
5	8

20	35
8	31
29	43
18	39
19	47
31	24
38	50
33	21
2	27
1	12
26	20
20	33
15	46
20	26
17	19
15	12
5	30
13	40
38	5
9	40

70

140
140
140
140
140

17
18
13
19
12
18
13
13
17
20
16
18
15
11
18
16
15
15
15
16

10841
11961
6091
7570
7497

1000

0

Scenario 1
16	14	11	30	14	21	6	8	22	17	17	21	15	12	14	14	12	16	20	13	
Scenario 2
18	14	10	10	15	15	17	17	19	19	19	15	15	13	19	13	20	15	15	21	
Scenario 3
18	19	11	17	14	21	20	19	10	16	20	27	15	7	20	18	12	23	17	18	
Scenario 4
14	20	11	23	8	13	17	18	22	20	12	20	16	8	19	19	12	15	14	14	
Scenario 5
14	19	14	19	11	18	11	8	27	26	15	25	10	11	15	11	9	13	12	18	
Scenario 6
13	17	10	22	6	21	16	9	26	21	16	22	10	11	21	16	13	14	11	20	
Scenario 7
16	18	13	23	16	15	12	11	16	16	11	19	13	14	23	19	10	10	20	14	
Scenario 8
21	15	11	18	21	17	18	21	16	21	12	20	11	9	17	17	20	14	17	19	
Scenario 9
22	20	8	26	27	21	8	14	16	22	11	12	18	14	17	14	11	17	12	18	
Scenario 10
23	19	12	16	12	15	14	23	18	17	15	18	13	8	19	10	18	22	16	16	
END
