20
5
3
5
10
Uniform

6	7
19	44
37	23
35	6
5	8

20	35
8	31
29	43
18	39
19	47
31	24
38	50
33	21
2	27
1	12
26	20
20	33
15	46
20	26
17	19
15	12
5	30
13	40
38	5
9	40

70

140
140
140
140
140

17
18
13
19
12
18
13
13
17
20
16
18
15
11
18
16
15
15
15
16

10841
11961
6091
7570
7497

1000

0

Scenario 1
9	19	18	8	8	15	8	2	18	11	19	15	6	2	16	20	16	26	8	7	
Scenario 2
7	24	5	19	3	9	22	15	30	12	19	31	13	11	8	18	13	3	15	11	
Scenario 3
26	4	15	13	19	17	23	2	28	23	20	16	25	17	5	22	4	18	20	19	
Scenario 4
7	10	23	17	19	23	5	21	4	16	9	30	13	18	15	4	6	25	5	10	
Scenario 5
28	25	8	23	21	5	3	23	15	5	8	20	21	14	7	11	8	22	13	19	
Scenario 6
5	27	2	30	5	30	21	8	13	11	19	19	17	2	8	21	6	23	13	28	
Scenario 7
11	31	21	9	14	18	17	16	6	35	11	7	7	17	5	23	20	25	21	13	
Scenario 8
6	4	23	17	3	21	17	21	4	29	27	7	22	6	31	18	13	14	16	5	
Scenario 9
18	27	17	34	18	4	20	15	29	15	10	27	16	5	30	12	22	8	25	3	
Scenario 10
15	21	16	12	19	26	2	20	21	4	7	28	8	8	10	21	24	26	4	27	
END
