21
5
2
4
10
Uniform

136	194
143	237
136	216
137	204
128	197

151	264
159	261
130	254
128	252
163	247
146	246
161	242
142	239
163	236
148	232
128	231
156	217
129	214
146	208
164	208
141	206
147	193
164	193
129	189
155	185
139	182

6000

15000
15000
15000
15000
15000

1100
700
800
1400
2100
400
800
100
500
600
1200
1300
1300
300
900
2100
1000
900
2500
1800
700

50
50
50
50
50

0

0

Scenario 1
240	244	228	2400	1722	565	1286	155	429	1043	1783	2301	963	267	251	2043	1547	1309	2269	1656	368	
Scenario 2
705	690	776	2083	3225	117	795	38	896	1040	527	1706	1602	355	359	1470	1693	455	3942	3211	721	
Scenario 3
317	785	175	420	2033	598	781	54	142	619	1941	449	990	313	1351	2697	1222	943	3092	1398	766	
Scenario 4
1899	346	1191	988	3271	670	173	107	140	388	1650	512	307	358	1091	3021	1124	1583	1284	2244	237	
Scenario 5
1431	1099	1413	2144	3285	597	1289	38	132	480	270	2255	2187	65	1307	1093	440	628	2674	2810	1099	
Scenario 6
1486	481	1029	1078	3126	420	1166	33	603	159	1386	306	596	523	916	2152	1363	872	4231	1649	495	
Scenario 7
1900	253	1251	1298	1014	376	729	130	526	453	1252	1232	582	531	1335	2114	1213	475	2516	1296	1019	
Scenario 8
1946	1158	1119	2303	3109	118	1213	126	179	538	1635	453	1943	88	917	1008	1333	351	2605	2888	548	
Scenario 9
333	1108	248	1287	1759	452	209	35	803	557	1586	1803	493	357	241	1579	457	557	1650	1438	460	
Scenario 10
382	843	242	644	910	488	283	121	482	680	1684	630	983	535	465	779	1149	1089	2622	1460	628	
END
