20
5
2
3
10
Poisson

6	25
1	50
11	25
47	42
3	33

22	35
37	29
8	32
40	14
47	10
42	35
5	14
4	36
42	25
29	13
40	12
50	19
49	12
45	9
11	8
25	5
17	28
33	35
2	41
7	15

150

300
300
300
300
300

14
17
16
17
17
12
20
15
15
12
13
15
11
18
13
13
19
18
19
14

12286
12031
6995
8502
12790

1000

0

Scenario 1
15	13	19	15	20	7	16	11	8	16	8	16	12	22	10	12	30	23	22	9	
Scenario 2
11	15	18	11	17	18	30	19	18	13	19	17	17	18	18	14	17	17	24	11	
Scenario 3
19	20	23	24	20	8	29	18	19	8	16	14	12	18	15	6	19	21	19	18	
Scenario 4
11	16	12	11	18	16	19	14	9	7	16	19	13	14	14	19	15	17	20	15	
Scenario 5
16	27	20	23	11	10	17	20	13	9	15	20	12	22	15	18	16	16	16	14	
Scenario 6
8	16	21	20	16	19	23	12	13	6	13	24	13	17	17	16	21	25	18	15	
Scenario 7
14	13	15	23	15	14	14	6	20	11	14	17	10	15	7	12	19	13	27	14	
Scenario 8
17	13	25	13	20	16	17	16	10	13	14	18	12	19	14	16	15	17	25	14	
Scenario 9
10	17	17	23	18	11	14	10	14	17	7	19	8	22	10	8	20	18	16	11	
Scenario 10
17	24	17	20	18	19	24	12	17	12	17	17	17	19	14	11	18	16	16	14	
END
