36
5
2
4
10
Uniform

30	46
37	39
23	43
56	38
42	43

20	20
20	30
20	40
20	50
20	60
20	70
30	20
30	30
30	40
30	50
30	60
30	70
40	20
40	30
40	40
40	50
40	60
40	70
50	20
50	30
50	40
50	50
50	60
50	70
60	20
60	30
60	40
60	50
60	60
60	70
70	20
70	30
70	40
70	50
70	60
70	70

250

15000
15000
15000
15000
15000

25
25
25
25
25
25
25
25
25
25
25
25
25
25
25
25
25
25
25
25
25
25
25
25
25
25
25
25
25
25
25
25
25
25
25
25

50
50
50
50
50

0

0

Scenario 1
35	22	13	19	42	33	12	12	39	12	39	22	33	37	13	29	26	38	39	30	17	35	20	5	41	21	41	23	9	13	28	17	45	10	10	15	
Scenario 2
20	20	16	22	28	14	37	39	33	16	14	27	23	10	35	44	6	13	28	27	25	10	9	27	40	21	38	7	29	24	13	15	16	26	23	24	
Scenario 3
6	34	22	10	33	38	19	11	31	24	39	7	16	14	41	28	40	14	26	32	5	44	22	11	11	35	21	39	42	19	10	30	7	30	32	11	
Scenario 4
7	38	45	35	9	36	20	29	12	20	17	38	24	32	42	26	26	37	22	23	44	11	36	32	33	16	34	31	26	39	45	43	28	30	36	5	
Scenario 5
18	12	31	28	17	14	10	41	22	45	35	24	31	41	11	16	15	23	42	31	19	27	7	23	8	9	18	32	37	26	40	39	34	41	9	37	
Scenario 6
21	38	18	15	31	42	38	7	33	20	29	15	40	41	20	28	32	20	36	14	6	14	19	34	25	5	39	13	9	8	33	34	10	38	8	31	
Scenario 7
42	19	19	30	7	38	35	36	42	38	12	20	44	44	37	24	15	41	11	44	23	21	42	35	25	9	8	27	13	33	17	26	24	17	12	28	
Scenario 8
16	37	37	9	40	36	24	5	34	10	37	34	15	39	6	32	11	20	25	33	31	32	30	7	23	31	41	31	39	45	43	10	24	32	34	30	
Scenario 9
11	6	19	17	30	9	45	11	36	44	10	40	8	25	45	28	12	26	32	29	44	22	12	15	14	29	34	13	27	8	15	25	40	45	28	10	
Scenario 10
45	22	31	19	10	30	33	13	8	41	19	31	28	29	32	20	21	39	19	34	42	34	18	8	17	38	30	31	27	16	42	42	43	39	39	39	
END
