50
5
2
6
10
Poisson

42	6
2	39
5	45
14	8
43	3

28	23
33	5
45	13
14	3
50	32
17	45
1	22
39	36
8	8
17	9
21	18
22	16
17	39
42	6
21	5
38	2
39	17
21	38
31	6
40	33
26	26
40	48
33	42
14	50
11	10
24	5
7	44
49	42
8	31
40	24
35	44
7	30
16	48
40	10
10	3
7	31
33	29
25	34
49	9
5	48
23	3
3	49
15	18
38	50
42	31
12	23
47	22
24	24
14	17
44	20

150

420
420
350
350
350

19
17
19
18
14
19
20
13
11
16
17
16
11
14
13
12
16
12
13
20
16
16
16
13
20
16
11
16
12
14
13
17
19
11
11
19
11
15
14
14
18
12
16
17
11
18
14
16
15
15

10356
9744
5029
10057
13647

1000

0

Scenario 1
16	17	21	23	22	22	18	17	16	19	22	14	6	16	9	11	15	16	14	23	17	18	12	15	18	20	13	14	6	11	13	22	20	12	5	15	8	21	16	20	24	17	18	15	11	12	17	6	15	13	
Scenario 2
23	22	21	13	16	14	21	12	11	14	14	11	11	13	13	10	11	13	13	26	11	18	14	14	23	16	10	21	16	15	32	16	14	14	17	14	17	16	13	15	18	10	18	23	9	21	17	18	15	11	
Scenario 3
17	16	18	20	17	11	29	16	9	15	16	13	10	18	11	12	11	9	13	14	16	16	12	21	16	21	6	15	13	16	14	20	19	9	9	18	15	18	20	18	16	7	19	17	8	21	11	15	17	22	
Scenario 4
22	14	20	28	8	19	22	20	8	11	18	17	9	16	10	11	7	15	9	20	15	17	18	7	21	18	11	19	15	9	21	13	19	10	12	23	8	16	18	13	19	14	12	15	9	16	13	17	17	9	
Scenario 5
20	13	20	21	10	14	16	10	10	12	18	19	11	16	10	5	16	14	14	18	23	16	9	14	15	16	6	21	13	16	11	22	26	8	10	25	13	14	8	12	24	11	17	10	10	14	13	17	21	15	
Scenario 6
9	18	17	16	19	21	19	10	9	15	24	15	9	17	20	20	11	4	16	19	14	13	22	15	21	15	14	6	14	11	15	15	23	11	7	18	14	7	9	12	21	7	13	14	10	18	13	15	27	11	
Scenario 7
18	17	18	21	15	24	21	22	10	19	19	16	20	11	19	7	9	12	18	24	21	11	17	15	20	24	10	18	11	16	14	16	22	10	10	22	16	18	14	14	20	10	16	15	9	19	15	20	14	15	
Scenario 8
12	16	17	12	21	23	14	10	7	18	10	20	17	16	12	8	14	9	16	17	15	13	20	17	13	18	7	20	9	14	14	17	20	15	18	13	9	17	18	17	15	12	13	12	15	30	8	10	25	16	
Scenario 9
17	20	18	12	5	14	22	7	8	18	12	26	8	20	10	12	17	7	13	17	19	13	18	19	22	17	16	14	12	12	13	15	18	12	7	23	9	13	17	17	15	17	22	16	9	15	16	20	17	16	
Scenario 10
20	20	27	19	13	21	19	15	16	15	10	16	19	11	12	14	11	13	11	20	10	18	10	12	22	14	13	23	9	17	13	16	30	9	12	18	10	20	9	15	11	11	17	22	9	23	10	12	15	16	
END
