29
5
2
4
10
Poisson

203	398
107	361
197	354
189	383
159	377

218	382
218	358
201	370
214	371
224	370
210	382
104	354
126	338
119	340
129	349
126	347
125	346
116	355
126	335
125	355
119	357
115	341
153	351
175	363
180	360
159	331
188	357
152	349
215	389
212	394
188	393
207	406
184	410
207	392

4500

15000
15000
15000
15000
15000

300
3100
125
100
200
150
150
450
300
100
950
125
150
150
550
150
100
150
400
300
1500
100
300
500
800
300
100
150
1000

50
50
50
50
50

0

0

Scenario 1
307	3006	124	74	190	144	164	425	316	96	987	153	169	132	556	162	89	143	411	293	1425	81	296	465	790	308	89	179	989	
Scenario 2
285	3082	132	103	212	149	158	465	294	100	927	120	157	156	534	141	92	166	441	309	1453	89	277	520	791	325	101	146	1031	
Scenario 3
289	3166	144	109	194	149	140	415	315	98	971	126	164	150	520	159	90	154	402	288	1505	87	294	520	810	322	94	163	934	
Scenario 4
302	3215	121	123	194	152	170	501	319	109	935	136	144	153	497	157	93	143	425	274	1491	103	267	457	890	290	89	145	985	
Scenario 5
278	3142	132	96	210	134	142	475	312	103	931	105	143	166	540	152	98	149	369	292	1534	92	266	493	820	276	90	156	1041	
Scenario 6
304	3162	115	109	191	134	149	451	329	107	924	107	148	161	533	149	102	159	397	294	1494	88	300	476	773	282	122	146	1006	
Scenario 7
279	3163	106	92	197	129	144	457	282	110	932	129	142	165	540	175	109	154	410	334	1478	110	296	465	806	293	119	128	1014	
Scenario 8
310	3088	131	90	218	162	161	473	290	106	923	119	141	148	519	150	100	154	356	291	1533	92	299	486	793	294	95	142	931	
Scenario 9
308	3126	131	99	188	146	129	471	312	98	909	135	149	173	567	169	98	143	414	298	1532	93	309	462	802	295	95	131	965	
Scenario 10
312	3052	120	81	198	136	128	463	303	117	908	123	140	170	526	169	86	158	400	306	1525	108	326	474	811	300	93	152	1015	
END
