20
5
3
5
10
Uniform

6	21
10	1
47	15
18	25
31	42

9	22
22	5
8	17
2	22
20	29
2	24
25	15
20	24
15	2
4	18
29	47
34	25
27	39
46	33
33	29
28	46
44	28
33	32
35	23
40	39

70

70
140
70
140
140

20
11
18
13
12
17
19
13
18
14
12
15
15
20
13
14
17
19
14
16

9576
8149
14050
8004
6616

1000

0

Scenario 1
19	2	14	5	5	28	33	10	3	19	18	17	8	22	11	17	11	11	2	11	
Scenario 2
32	7	21	10	3	16	29	3	15	6	5	18	12	25	5	3	10	26	5	21	
Scenario 3
30	17	13	18	7	17	12	20	16	3	10	3	6	31	10	6	17	19	6	8	
Scenario 4
25	9	16	22	9	13	32	6	23	2	9	8	17	32	18	15	15	28	15	16	
Scenario 5
34	5	30	22	13	24	19	17	26	17	17	5	5	26	6	10	28	11	22	23	
Scenario 6
10	7	11	2	5	13	5	22	5	18	3	20	26	19	15	11	3	3	21	23	
Scenario 7
5	3	15	14	8	5	9	21	19	12	12	3	23	15	4	18	9	13	14	26	
Scenario 8
12	8	29	18	8	24	17	5	19	24	2	15	15	21	7	5	10	30	15	12	
Scenario 9
35	16	14	15	17	11	29	14	19	22	20	14	17	15	2	16	24	23	6	7	
Scenario 10
13	10	9	3	13	29	28	20	24	13	11	5	16	6	22	4	24	4	2	22	
END
