20
5
3
5
10
Poisson

6	21
10	1
47	15
18	25
31	42

9	22
22	5
8	17
2	22
20	29
2	24
25	15
20	24
15	2
4	18
29	47
34	25
27	39
46	33
33	29
28	46
44	28
33	32
35	23
40	39

70

70
140
70
140
140

20
11
18
13
12
17
19
13
18
14
12
15
15
20
13
14
17
19
14
16

9576
8149
14050
8004
6616

1000

0

Scenario 1
17	9	24	14	8	18	24	14	14	9	13	10	15	17	14	21	17	23	17	11	
Scenario 2
18	5	14	16	9	11	24	17	17	16	22	15	14	16	18	17	13	13	16	17	
Scenario 3
28	17	22	12	11	20	15	11	26	14	7	10	15	14	14	13	21	21	11	11	
Scenario 4
22	12	19	16	16	16	28	11	17	8	12	9	17	20	14	8	19	21	6	8	
Scenario 5
16	6	15	7	10	18	18	13	15	11	8	17	11	23	17	15	16	21	15	18	
Scenario 6
25	14	21	19	19	16	30	16	18	13	9	13	12	15	11	14	18	21	16	16	
Scenario 7
23	11	21	18	13	16	25	23	8	19	15	13	10	21	19	13	19	27	11	13	
Scenario 8
17	8	17	20	13	16	25	7	22	15	10	15	12	20	14	15	14	25	13	13	
Scenario 9
11	10	13	10	14	16	18	18	15	11	10	20	14	16	20	10	19	13	12	19	
Scenario 10
25	8	21	13	11	16	21	12	11	7	12	16	12	22	14	11	12	26	10	11	
END
