50
5
3
12
10
Poisson

42	4
47	20
47	49
7	18
19	18

14	14
20	18
26	1
17	4
13	3
12	4
4	10
21	21
1	19
2	22
6	5
7	11
6	12
11	25
18	16
14	19
17	22
16	11
11	20
13	24
12	1
10	7
12	5
8	20
4	4
45	25
46	25
27	45
49	35
39	48
34	45
30	47
46	45
29	29
50	26
49	29
25	40
40	44
39	30
27	33
37	26
35	48
42	35
25	40
39	41
48	41
41	26
35	27
41	31
37	31

70

350
350
350
350
350

14
19
18
17
13
17
16
16
12
18
14
18
16
16
15
15
19
15
16
15
16
11
11
17
16
20
17
18
20
11
19
20
13
13
11
17
17
13
16
13
13
18
14
18
16
12
12
14
14
16

12318
11308
8938
14703
9073

1000

0

Scenario 1
15	25	14	19	7	10	15	25	6	15	16	12	26	22	6	14	28	17	10	14	17	16	8	22	16	13	17	21	24	5	10	30	12	11	21	22	9	14	21	14	16	19	17	13	16	15	6	12	13	11	
Scenario 2
17	25	23	18	12	13	26	12	22	23	11	18	12	16	13	18	12	14	15	16	17	7	8	17	19	17	20	17	17	11	21	17	11	21	10	16	20	24	15	11	22	17	11	13	18	18	13	12	13	15	
Scenario 3
17	19	30	17	18	21	12	22	17	17	13	21	23	19	12	12	18	17	13	17	19	9	14	24	4	18	21	24	21	14	23	16	18	15	11	12	19	12	15	8	28	18	12	23	11	10	8	17	14	10	
Scenario 4
18	15	23	18	18	21	11	9	10	18	14	15	23	15	14	13	11	17	21	12	17	14	15	17	14	19	14	15	25	11	17	18	16	17	10	13	20	18	15	14	22	17	12	12	26	8	13	11	13	16	
Scenario 5
18	16	23	18	12	25	15	12	9	20	12	15	18	17	15	18	14	17	13	13	9	10	8	15	17	22	14	17	21	7	20	17	14	17	6	18	12	14	12	14	17	23	21	14	18	10	11	13	13	12	
Scenario 6
12	14	16	20	15	16	23	15	12	21	15	17	17	14	10	18	21	8	13	14	19	15	13	14	14	23	22	15	10	13	18	21	11	5	17	16	21	23	17	12	8	21	9	21	11	14	9	10	11	22	
Scenario 7
10	21	18	17	12	19	14	22	10	16	15	21	22	16	13	11	17	20	11	11	17	11	12	18	18	17	19	16	12	11	15	18	17	11	11	26	13	11	9	13	21	21	6	16	12	10	18	14	15	18	
Scenario 8
11	19	15	14	20	18	14	14	15	16	11	11	15	15	23	20	15	9	22	18	15	18	12	21	25	23	13	11	16	10	9	18	12	13	10	18	6	12	17	12	13	19	11	25	21	10	12	15	9	13	
Scenario 9
17	15	13	14	12	29	11	13	8	20	17	16	16	12	13	9	10	13	17	22	21	15	11	18	19	24	11	13	21	15	19	15	15	14	10	20	18	6	18	14	16	21	20	15	21	16	12	13	13	11	
Scenario 10
13	23	26	19	15	13	10	15	11	20	11	14	13	18	11	14	14	15	20	18	13	14	11	16	16	18	9	16	23	14	16	28	10	14	11	15	15	10	11	13	10	23	16	16	12	15	17	13	13	18	
END
