36
5
2
4
10
Poisson

30	46
37	39
23	43
56	38
42	43

20	20
20	30
20	40
20	50
20	60
20	70
30	20
30	30
30	40
30	50
30	60
30	70
40	20
40	30
40	40
40	50
40	60
40	70
50	20
50	30
50	40
50	50
50	60
50	70
60	20
60	30
60	40
60	50
60	60
60	70
70	20
70	30
70	40
70	50
70	60
70	70

250

15000
15000
15000
15000
15000

25
25
25
25
25
25
25
25
25
25
25
25
25
25
25
25
25
25
25
25
25
25
25
25
25
25
25
25
25
25
25
25
25
25
25
25

50
50
50
50
50

0

0

Scenario 1
32	19	31	32	27	25	37	25	30	21	21	24	24	31	25	18	29	32	25	20	39	23	21	22	21	30	18	25	26	18	30	31	22	23	16	23	
Scenario 2
22	31	26	28	19	25	31	22	27	24	25	16	26	28	25	27	29	22	30	33	25	17	28	21	29	18	27	21	26	27	36	16	26	32	29	26	
Scenario 3
25	19	29	24	28	19	26	18	21	24	16	33	22	23	20	22	24	32	25	20	24	20	25	32	30	25	24	32	24	32	19	23	30	31	17	15	
Scenario 4
20	29	23	19	16	25	20	20	25	21	20	30	25	16	28	33	15	15	26	31	22	25	22	24	23	31	32	21	16	22	17	31	30	19	19	21	
Scenario 5
29	25	29	22	23	28	25	28	26	23	24	20	25	19	27	36	32	27	34	29	25	22	36	28	21	41	24	23	22	34	25	27	30	29	20	16	
Scenario 6
25	21	17	25	23	25	25	21	24	22	25	34	24	35	24	22	33	33	26	35	21	23	23	18	19	30	25	16	24	28	26	23	31	10	14	27	
Scenario 7
27	24	26	29	26	21	19	26	22	17	19	20	19	33	19	21	24	39	23	24	24	19	23	26	21	24	19	31	23	27	24	27	26	26	26	23	
Scenario 8
19	30	24	21	22	26	20	31	40	23	30	22	19	40	26	23	27	18	27	28	32	19	29	16	32	31	33	17	22	30	17	23	27	29	19	33	
Scenario 9
34	35	22	29	17	20	17	28	21	22	24	29	25	35	30	15	19	26	23	21	32	27	21	23	17	29	35	28	30	18	28	17	24	15	30	28	
Scenario 10
24	22	30	26	25	30	31	29	19	24	27	26	27	28	12	21	27	29	39	20	27	31	25	25	30	21	34	24	28	36	20	22	23	24	25	22	
END
