29
5
2
4
10
Uniform

203	398
107	361
197	354
189	383
159	377

218	382
218	358
201	370
214	371
224	370
210	382
104	354
126	338
119	340
129	349
126	347
125	346
116	355
126	335
125	355
119	357
115	341
153	351
175	363
180	360
159	331
188	357
152	349
215	389
212	394
188	393
207	406
184	410
207	392

4500

15000
15000
15000
15000
15000

300
3100
125
100
200
150
150
450
300
100
950
125
150
150
550
150
100
150
400
300
1500
100
300
500
800
300
100
150
1000

50
50
50
50
50

0

0

Scenario 1
143	5154	168	135	348	217	186	427	403	148	1375	193	77	83	766	33	125	82	87	466	1557	131	104	203	400	455	157	52	1681	
Scenario 2
206	4096	147	42	273	155	43	791	74	106	641	50	221	36	261	172	22	146	85	163	1004	32	237	456	455	304	79	31	233	
Scenario 3
463	4250	168	30	113	102	117	412	270	29	652	61	58	34	298	145	110	66	637	497	301	27	479	533	564	389	38	48	1674	
Scenario 4
517	2763	111	21	43	165	157	705	145	174	1494	154	218	132	809	160	128	270	376	450	1590	120	272	618	233	328	161	197	267	
Scenario 5
388	5299	94	123	68	62	266	322	95	49	389	61	258	110	860	95	119	241	222	379	2677	150	423	826	835	436	29	134	1644	
Scenario 6
526	770	114	83	220	240	193	237	220	172	1271	184	180	56	500	122	152	50	595	421	1456	170	108	629	1137	336	62	50	752	
Scenario 7
203	4315	59	121	105	131	127	328	283	65	367	161	191	113	397	53	31	189	148	77	902	168	466	358	409	154	71	115	340	
Scenario 8
371	1678	114	103	95	72	127	266	458	31	1382	112	52	161	927	188	126	185	593	461	2565	125	248	306	761	339	36	99	991	
Scenario 9
533	1450	44	175	320	113	242	158	508	176	1099	179	45	121	558	247	67	215	153	395	1418	117	266	321	1171	531	170	53	1073	
Scenario 10
466	1065	187	161	65	105	56	95	405	41	1008	218	53	247	175	180	36	39	637	113	2137	114	379	481	994	77	90	40	313	
END
