50
5
3
12
10
Poisson

42	6
2	39
5	45
14	8
43	3

28	23
33	5
45	13
14	3
50	32
17	45
1	22
39	36
8	8
17	9
21	18
22	16
17	39
42	6
21	5
38	2
39	17
21	38
31	6
40	33
26	26
40	48
33	42
14	50
11	10
24	5
7	44
49	42
8	31
40	24
35	44
7	30
16	48
40	10
10	3
7	31
33	29
25	34
49	9
5	48
23	3
3	49
15	18
38	50
42	31
12	23
47	22
24	24
14	17
44	20

70

420
420
350
350
350

19
17
19
18
14
19
20
13
11
16
17
16
11
14
13
12
16
12
13
20
16
16
16
13
20
16
11
16
12
14
13
17
19
11
11
19
11
15
14
14
18
12
16
17
11
18
14
16
15
15

10356
9744
5029
10057
13647

1000

0

Scenario 1
23	18	19	17	20	23	26	14	9	20	19	20	15	18	9	16	18	10	11	26	16	15	13	11	22	14	10	13	14	13	7	19	17	15	13	13	17	9	14	12	16	13	15	17	7	14	9	17	12	14	
Scenario 2
17	23	14	16	15	17	19	9	11	19	20	11	10	16	13	8	17	10	14	17	12	5	10	10	22	16	11	14	18	11	12	20	17	15	13	19	9	21	12	11	17	11	18	19	10	22	12	15	7	15	
Scenario 3
18	20	19	25	18	21	24	16	11	20	15	13	11	18	13	7	14	17	8	20	19	22	20	13	21	20	18	16	7	10	7	18	11	15	6	27	12	22	10	8	14	12	20	14	11	19	14	15	14	16	
Scenario 4
17	20	20	22	13	25	18	13	11	27	18	16	17	14	13	12	16	11	12	20	12	11	17	14	11	13	16	16	8	19	12	16	16	8	11	21	9	21	10	7	19	13	17	21	9	13	9	16	20	14	
Scenario 5
17	20	16	19	13	17	18	13	16	19	21	18	10	15	14	12	11	19	12	20	16	15	17	9	20	18	12	14	12	16	12	12	22	11	13	19	10	7	8	11	23	11	22	14	10	22	15	14	12	16	
Scenario 6
14	24	19	20	14	14	18	10	12	18	18	13	6	10	10	12	17	7	22	14	15	12	12	10	19	20	15	19	14	8	16	25	15	11	10	25	7	10	13	11	20	6	12	19	6	14	24	9	15	13	
Scenario 7
30	19	20	16	5	22	18	17	16	19	15	23	9	14	21	10	15	9	9	30	11	16	12	12	23	16	7	19	10	11	14	25	17	10	17	12	14	15	19	8	16	10	12	13	9	16	16	17	11	12	
Scenario 8
17	16	15	22	10	18	28	9	11	12	25	27	8	14	4	15	17	11	12	18	18	30	15	14	21	13	5	20	8	13	11	28	15	5	14	22	13	11	11	14	17	9	16	19	4	18	10	7	16	14	
Scenario 9
15	16	20	26	14	15	23	13	15	15	11	17	9	17	9	9	16	11	14	16	19	14	15	16	21	15	5	17	11	10	18	14	22	11	8	14	5	16	13	12	14	11	19	12	10	13	11	11	15	12	
Scenario 10
16	15	22	21	10	17	20	14	9	14	18	15	5	12	10	7	13	13	18	15	17	20	10	14	15	11	12	13	8	15	16	20	27	13	17	19	8	17	15	18	19	15	18	17	10	21	20	16	7	18	
END
