32
5
2
3
10
Uniform

264	435
323	413
285	427
278	424
266	422

298	427
309	445
307	464
336	475
320	439
321	437
322	437
323	433
324	433
323	429
314	435
311	442
304	427
293	421
296	418
261	384
297	410
315	407
314	406
321	391
321	398
314	394
313	378
304	382
295	402
283	406
279	399
271	401
264	414
277	439
290	434
319	433

11000

35000
35000
35000
35000
35000

700
400
400
1200
40
80
2000
900
600
750
1500
150
250
1600
450
700
550
650
200
400
300
1300
700
750
1400
4000
600
1000
500
2500
1700
1100

50
50
50
50
50

0

0

Scenario 1
367	324	149	612	62	80	1187	284	780	597	1730	52	396	2105	168	1203	988	438	133	472	322	407	1205	598	2244	3784	569	750	434	1784	1152	1121	
Scenario 2
1123	569	570	1053	14	96	2362	331	1013	463	964	159	139	1093	646	669	371	150	250	349	198	1347	156	1210	2307	5925	1022	1671	504	705	2559	1540	
Scenario 3
642	489	692	431	16	53	1549	828	453	443	535	80	313	1423	744	1120	672	203	270	235	88	2245	296	336	1594	6615	275	1082	303	1781	424	1671	
Scenario 4
632	344	173	2048	22	73	1003	859	515	1333	515	68	89	1954	396	349	729	825	212	630	271	517	747	572	2379	1163	880	1238	196	806	2450	433	
Scenario 5
997	132	505	961	26	127	976	1171	693	275	1193	235	155	1520	408	1029	379	520	132	371	436	526	514	210	1761	3124	684	1406	131	1049	2587	505	
Scenario 6
909	291	184	1937	16	74	1421	1062	691	1310	977	217	201	1117	675	454	154	551	180	319	152	1934	897	521	1102	5829	325	373	381	1702	666	1160	
Scenario 7
586	353	281	451	27	25	498	1594	361	448	489	252	73	2211	610	1002	451	220	281	481	515	1981	850	227	650	3511	223	1382	321	3547	2478	1583	
Scenario 8
743	287	311	283	54	83	1328	1457	502	821	1594	158	273	2533	730	473	447	751	261	360	311	963	1128	458	591	5983	1070	1589	291	3598	2622	595	
Scenario 9
298	193	617	2082	51	124	2657	390	742	1255	486	142	407	641	320	405	665	223	53	342	429	2008	653	542	1584	4532	1047	707	654	2618	1968	846	
Scenario 10
510	154	397	673	32	72	3192	512	227	592	1936	82	327	518	183	410	652	330	196	294	153	1806	907	645	573	841	760	420	696	2514	1056	1283	
END
