10
3
3
10
10
Uniform

43	83
37	85
97	2

51	1
67	30
22	78
38	55
12	78
6	52
67	79
98	16
9	86
79	97

275

1000
1000
1000

58
33
38
22
4
44
14
92
37
65

100
100
100

0

0

Scenario 1
21	50	17	17	7	17	19	69	23	41	
Scenario 2
23	12	34	13	6	40	10	85	56	114	
Scenario 3
55	24	29	26	4	72	8	137	11	70	
Scenario 4
84	21	46	34	2	64	2	122	30	50	
Scenario 5
83	54	12	18	3	29	14	36	11	82	
Scenario 6
74	25	31	17	3	38	11	28	49	24	
Scenario 7
40	18	50	22	6	41	17	21	9	34	
Scenario 8
51	15	26	14	2	15	12	95	7	26	
Scenario 9
51	27	9	16	3	57	23	145	54	50	
Scenario 10
20	30	39	24	2	14	19	106	61	38	
END
