10
3
3
10
10
Poisson

43	83
37	85
97	2

51	1
67	30
22	78
38	55
12	78
6	52
67	79
98	16
9	86
79	97

275

1000
1000
1000

58
33
38
22
4
44
14
92
37
65

100
100
100

0

0

Scenario 1
50	30	45	27	3	51	12	86	35	57	
Scenario 2
48	34	51	13	5	46	11	84	47	46	
Scenario 3
47	30	43	27	3	35	9	93	47	63	
Scenario 4
62	32	39	27	3	48	18	95	34	59	
Scenario 5
79	45	41	28	5	40	20	98	36	56	
Scenario 6
65	23	49	20	5	44	11	87	39	79	
Scenario 7
59	46	28	23	4	53	15	79	40	48	
Scenario 8
63	31	39	21	5	41	16	89	45	74	
Scenario 9
59	32	54	23	5	40	15	97	41	55	
Scenario 10
58	38	52	20	3	38	12	98	35	71	
END
