10
3
3
10
10
Poisson

78	94
81	63
57	37

93	4
7	97
63	22
30	33
51	80
11	8
14	27
21	1
19	39
42	95

350

1000
1000
1000

61
62
50
42
80
45
97
80
7
76

100
100
100

0

0

Scenario 1
70	56	48	33	87	48	102	81	13	80	
Scenario 2
62	67	52	32	71	39	101	75	3	71	
Scenario 3
62	67	51	43	80	52	122	75	4	79	
Scenario 4
76	63	48	54	63	39	77	79	8	86	
Scenario 5
71	62	49	45	86	41	95	77	5	74	
Scenario 6
52	58	42	53	81	32	91	86	5	80	
Scenario 7
50	59	49	45	77	41	95	82	7	75	
Scenario 8
49	56	46	39	89	39	88	82	8	59	
Scenario 9
63	55	57	46	64	27	84	62	5	68	
Scenario 10
57	65	49	39	83	47	103	95	8	75	
END
