10
3
3
10
10
Uniform

78	94
81	63
57	37

93	4
7	97
63	22
30	33
51	80
11	8
14	27
21	1
19	39
42	95

350

1000
1000
1000

61
62
50
42
80
45
97
80
7
76

100
100
100

0

0

Scenario 1
60	74	65	31	130	61	49	38	3	50	
Scenario 2
77	40	37	56	79	53	37	56	4	65	
Scenario 3
36	96	85	38	129	16	30	90	11	82	
Scenario 4
12	99	55	44	130	45	130	51	7	76	
Scenario 5
32	64	90	49	52	60	124	93	9	23	
Scenario 6
60	49	39	52	51	45	173	24	10	95	
Scenario 7
82	59	31	71	127	10	137	33	9	118	
Scenario 8
37	15	36	22	72	57	165	21	1	16	
Scenario 9
19	79	81	64	95	14	173	98	3	134	
Scenario 10
90	54	89	10	87	18	96	76	4	34	
END
