8
3
3
8
10
Uniform

43	83
37	85
97	2

51	1
67	30
22	78
38	55
12	78
6	52
67	79
98	16

275

1000
1000
1000

58
33
38
22
4
44
14
92

100
100
100

0

0

Scenario 1
103	24	64	9	0	60	24	71	
Scenario 2
73	39	46	33	7	39	14	125	
Scenario 3
20	43	62	8	0	25	9	29	
Scenario 4
24	54	19	36	1	13	25	158	
Scenario 5
102	22	42	18	3	38	10	84	
Scenario 6
91	50	43	19	0	16	16	141	
Scenario 7
52	43	23	35	3	76	12	51	
Scenario 8
93	21	29	30	5	30	24	51	
Scenario 9
104	13	49	27	6	10	22	34	
Scenario 10
25	27	59	27	1	62	10	112	
END
