8
3
3
8
10
Poisson

43	83
37	85
97	2

51	1
67	30
22	78
38	55
12	78
6	52
67	79
98	16

275

1000
1000
1000

58
33
38
22
4
44
14
92

100
100
100

0

0

Scenario 1
57	22	49	19	4	33	17	87	
Scenario 2
64	30	35	15	3	38	10	88	
Scenario 3
55	33	47	26	5	39	14	81	
Scenario 4
53	26	37	17	5	45	15	100	
Scenario 5
54	36	36	19	7	38	17	94	
Scenario 6
52	25	30	22	3	52	9	80	
Scenario 7
65	29	47	25	4	45	10	102	
Scenario 8
58	39	36	17	4	48	20	91	
Scenario 9
53	28	39	24	5	60	10	97	
Scenario 10
57	37	40	19	6	43	16	84	
END
