30
5
5
30
10
Poisson

31	31
25	14
82	98
47	57
16	23

13	41
23	48
93	59
58	52
25	78
42	19
46	55
88	53
52	78
20	92
18	48
67	23
39	24
48	68
66	50
73	5
37	98
69	20
13	81
27	13
20	51
23	45
76	22
18	29
87	57
77	58
43	15
45	89
34	11
95	71

350

1000
1000
1000
1000
1000

32
59
91
80
82
48
96
30
17
56
15
51
70
92
8
30
54
90
99
59
26
58
13
72
23
48
42
43
52
69

100
100
100
100
100

0

0

Scenario 1
30	55	81	83	68	53	93	26	20	62	23	55	76	90	10	29	56	93	103	67	20	67	8	66	24	39	32	52	65	65	
Scenario 2
30	58	85	104	75	43	95	31	21	45	19	44	79	87	4	35	65	86	96	62	26	60	16	94	25	43	44	46	49	67	
Scenario 3
27	65	100	82	78	41	95	30	15	51	22	42	71	79	6	38	61	94	109	55	22	57	11	62	15	44	35	57	38	55	
Scenario 4
31	73	106	84	83	59	98	29	18	60	21	53	59	87	11	35	63	83	102	46	26	65	18	72	18	44	32	47	55	72	
Scenario 5
32	56	91	96	85	52	98	24	16	69	14	54	78	83	14	25	55	97	112	59	24	61	18	66	15	42	37	40	45	68	
Scenario 6
29	51	89	72	102	46	94	34	22	73	17	45	74	116	7	23	65	84	109	56	26	55	10	63	25	44	45	45	55	57	
Scenario 7
31	60	72	73	86	49	95	24	19	63	11	51	58	102	7	25	52	82	101	69	28	57	7	75	26	45	43	36	60	78	
Scenario 8
35	57	99	90	87	53	102	33	13	56	19	51	71	81	10	26	44	95	98	64	20	67	10	73	23	43	38	40	34	70	
Scenario 9
38	62	90	69	84	40	90	23	19	53	11	43	70	82	3	20	59	104	99	64	32	55	21	65	33	50	44	35	46	68	
Scenario 10
39	56	84	78	87	47	121	30	23	49	15	43	72	92	5	26	37	80	92	50	27	51	20	77	18	40	45	36	57	72	
END
