30
5
5
30
10
Uniform

23	40
35	86
27	75
13	47
26	56

50	7
89	85
56	91
25	71
40	9
36	12
1	76
50	21
50	65
45	98
93	4
7	97
63	22
30	33
51	80
11	8
14	27
21	1
19	39
42	95
29	94
23	55
52	66
28	52
39	58
64	54
15	46
37	1
87	77
59	89

275

1000
1000
1000
1000
1000

5
62
21
88
79
47
48
41
91
28
61
62
50
42
80
45
97
80
7
76
49
28
87
2
75
50
54
28
96
41

100
100
100
100
100

0

0

Scenario 1
6	89	34	147	129	39	29	9	125	21	63	76	33	9	62	20	135	28	10	39	30	24	28	2	59	61	58	14	79	48	
Scenario 2
6	22	5	130	117	72	56	51	59	42	57	87	77	49	117	52	127	117	6	60	15	49	21	3	99	53	96	18	23	37	
Scenario 3
3	66	23	145	127	54	78	30	42	27	64	99	89	20	36	67	110	124	1	43	53	24	110	3	57	59	58	26	142	49	
Scenario 4
9	57	23	109	22	17	78	57	74	12	76	86	39	41	80	39	163	37	4	128	81	18	117	1	64	62	86	36	40	45	
Scenario 5
8	71	29	129	15	70	25	15	70	43	99	86	64	18	114	45	65	48	5	57	70	8	97	0	128	21	47	35	166	19	
Scenario 6
7	46	13	53	117	74	48	45	53	17	105	96	10	13	45	63	80	88	11	125	17	11	83	1	64	59	79	36	60	29	
Scenario 7
9	81	35	57	48	14	75	55	137	16	52	66	54	50	56	66	48	135	6	103	88	50	95	0	60	25	74	6	33	8	
Scenario 8
3	55	35	87	91	67	21	63	47	7	24	103	88	26	47	58	40	131	4	110	14	32	69	1	66	20	87	9	29	73	
Scenario 9
1	76	11	131	76	42	45	64	93	39	81	100	26	63	84	71	71	97	3	107	15	45	152	0	109	89	28	13	60	71	
Scenario 10
5	107	31	135	25	46	85	48	126	14	88	75	46	55	44	23	49	53	4	54	29	48	61	1	66	50	64	32	38	23	
END
