30
5
5
30
10
Poisson

94	37
70	95
67	59
25	51
76	3

52	3
57	9
26	85
57	12
71	25
83	64
2	9
87	15
18	94
62	59
21	14
77	6
6	12
43	71
48	49
16	67
6	50
49	86
31	58
84	96
97	42
11	58
65	16
81	95
71	6
23	39
18	1
17	5
55	12
5	78

275

1000
1000
1000
1000
1000

94
11
60
11
90
15
77
93
88
18
39
98
16
32
14
65
58
15
67
44
46
12
25
54
97
7
60
42
95
67

100
100
100
100
100

0

0

Scenario 1
108	10	68	15	84	15	70	99	104	20	27	109	13	27	15	56	39	13	78	42	37	21	23	57	94	7	52	46	98	84	
Scenario 2
103	16	61	11	103	18	85	95	75	20	33	91	14	27	15	67	59	24	65	53	48	10	26	47	90	5	50	41	95	71	
Scenario 3
91	15	68	8	89	18	99	89	88	26	42	100	16	36	18	67	67	19	63	49	45	15	33	46	123	6	63	43	99	65	
Scenario 4
88	13	53	12	85	22	73	82	91	12	32	113	18	31	17	84	58	18	76	62	44	19	30	65	92	5	57	52	90	70	
Scenario 5
107	13	55	12	101	19	63	85	87	14	46	111	11	34	12	57	67	16	46	51	41	9	28	55	77	9	55	46	98	65	
Scenario 6
105	9	60	14	84	20	73	100	94	16	43	100	15	40	6	63	54	19	69	43	52	10	25	47	94	6	67	36	84	58	
Scenario 7
103	12	56	7	82	20	70	74	74	21	42	97	19	25	11	61	68	20	62	47	40	14	24	56	82	7	55	44	99	83	
Scenario 8
83	7	62	7	96	15	84	91	99	20	40	108	12	37	14	65	53	25	66	41	54	16	20	52	118	2	61	50	106	79	
Scenario 9
93	8	56	9	89	18	99	84	86	22	42	106	20	36	16	66	48	16	46	49	50	14	26	59	103	6	59	50	78	61	
Scenario 10
91	13	70	9	89	12	83	94	85	20	34	111	10	25	10	74	61	14	57	49	50	13	24	52	108	4	55	41	86	56	
END
