30
5
5
30
10
Uniform

43	83
37	85
97	2
22	22
12	36

51	1
67	30
22	78
38	55
12	78
6	52
67	79
98	16
9	86
79	97
94	85
79	72
9	41
99	32
22	99
82	60
64	85
5	39
98	35
97	23
31	75
11	71
6	95
14	58
73	5
30	59
13	3
90	8
71	12
29	28

275

1000
1000
1000
1000
1000

58
33
38
22
4
44
14
92
37
65
98
38
3
30
24
71
28
37
66
74
12
1
81
2
73
69
98
33
1
27

100
100
100
100
100

0

0

Scenario 1
25	7	55	26	6	27	11	114	39	87	124	33	4	43	30	45	31	57	29	95	21	1	67	3	83	41	153	57	0	40	
Scenario 2
87	59	60	39	7	22	8	126	48	95	176	68	0	49	5	94	10	22	72	103	9	1	53	1	65	77	63	11	0	33	
Scenario 3
47	45	39	13	1	23	24	31	52	29	164	56	4	43	15	102	40	51	81	81	12	0	46	0	118	121	143	44	0	32	
Scenario 4
17	43	58	5	3	31	12	66	40	53	149	9	5	22	42	79	49	60	84	66	20	0	51	2	126	103	114	51	1	18	
Scenario 5
14	51	34	29	1	71	13	134	50	72	81	20	3	13	13	72	44	33	118	14	12	1	137	0	77	49	106	28	0	11	
Scenario 6
54	7	36	20	1	65	23	163	52	96	85	40	1	18	28	16	34	29	55	100	4	1	53	3	25	90	138	30	1	37	
Scenario 7
48	6	14	19	4	55	4	27	16	43	119	14	1	47	27	20	32	28	44	61	10	1	97	0	42	28	49	52	1	5	
Scenario 8
78	56	38	31	0	50	13	36	45	103	50	8	3	36	31	72	31	8	37	51	7	0	79	1	73	39	153	53	0	37	
Scenario 9
81	31	55	30	3	12	14	106	38	56	95	48	2	35	39	93	41	55	73	121	5	0	127	0	29	45	77	28	0	32	
Scenario 10
102	40	7	18	0	60	18	95	10	83	74	17	4	32	25	91	42	14	53	58	12	1	84	1	100	36	36	37	0	47	
END
