30
5
5
30
10
Poisson

78	94
81	63
57	37
72	72
56	94

93	4
7	97
63	22
30	33
51	80
11	8
14	27
21	1
19	39
42	95
29	94
23	55
52	66
28	52
39	58
64	54
15	46
37	1
65	19
82	35
74	49
98	14
56	40
5	84
27	43
25	41
25	17
86	1
16	20
80	4

350

1000
1000
1000
1000
1000

61
62
50
42
80
45
97
80
7
76
49
28
87
2
75
50
54
28
61
1
75
95
97
79
85
35
74
52
14
21

100
100
100
100
100

0

0

Scenario 1
75	64	49	48	76	50	110	79	2	68	52	21	88	4	77	59	47	24	66	0	91	79	98	79	107	37	82	64	18	25	
Scenario 2
54	63	53	50	66	48	108	74	10	71	51	26	86	1	73	61	49	21	64	2	69	89	109	83	74	35	74	53	15	14	
Scenario 3
55	69	55	40	92	43	100	89	10	61	43	23	98	4	74	49	52	23	71	0	68	96	105	99	76	32	74	57	13	22	
Scenario 4
44	50	53	49	82	39	101	86	8	69	56	23	107	3	74	48	57	26	52	2	71	103	95	79	103	29	63	65	15	19	
Scenario 5
58	63	51	45	70	58	97	85	10	80	38	29	99	5	70	55	45	26	68	2	71	97	100	79	91	38	74	61	29	24	
Scenario 6
55	60	44	36	80	43	97	69	7	77	77	36	83	0	81	42	55	21	66	1	83	84	80	82	78	30	64	55	16	29	
Scenario 7
53	60	47	47	71	46	88	81	5	79	53	21	84	3	79	38	57	31	52	0	70	82	81	69	95	37	75	69	17	19	
Scenario 8
70	57	51	40	81	54	97	69	5	85	60	25	75	2	79	58	46	28	59	1	67	96	86	84	92	23	83	52	11	22	
Scenario 9
58	61	58	45	88	54	107	80	4	75	36	33	71	1	75	51	54	26	62	3	81	80	99	77	83	30	97	42	18	20	
Scenario 10
61	63	42	58	93	31	99	78	7	73	56	19	79	0	70	57	57	28	69	2	68	107	88	87	87	34	78	57	13	25	
END
