30
5
5
30
10
Poisson

23	40
35	86
27	75
13	47
26	56

50	7
89	85
56	91
25	71
40	9
36	12
1	76
50	21
50	65
45	98
93	4
7	97
63	22
30	33
51	80
11	8
14	27
21	1
19	39
42	95
29	94
23	55
52	66
28	52
39	58
64	54
15	46
37	1
87	77
59	89

275

1000
1000
1000
1000
1000

5
62
21
88
79
47
48
41
91
28
61
62
50
42
80
45
97
80
7
76
49
28
87
2
75
50
54
28
96
41

100
100
100
100
100

0

0

Scenario 1
3	72	34	91	90	43	48	48	89	26	60	76	59	40	87	49	96	79	13	89	36	30	71	2	73	46	51	15	84	45	
Scenario 2
5	50	14	85	72	50	46	45	91	23	54	53	51	48	71	41	94	79	6	78	52	35	83	2	77	57	56	20	115	39	
Scenario 3
3	56	19	86	70	29	46	30	90	27	64	75	60	39	81	37	89	63	6	88	39	31	80	4	77	58	57	34	78	45	
Scenario 4
3	49	23	87	77	38	43	47	87	25	72	68	42	35	73	57	96	84	5	78	51	33	79	3	79	51	48	26	96	45	
Scenario 5
9	51	18	90	84	45	62	33	114	24	62	57	57	28	64	53	91	79	9	77	47	29	84	0	55	50	57	26	105	42	
Scenario 6
6	83	22	87	82	41	48	35	89	30	56	64	42	41	78	42	99	61	4	65	48	27	101	2	68	47	55	29	93	42	
Scenario 7
4	67	29	82	72	41	52	46	88	36	59	65	51	39	80	41	104	102	5	79	48	25	103	3	74	38	57	24	98	47	
Scenario 8
8	72	23	92	73	50	48	30	97	31	58	65	61	34	74	52	84	84	5	73	53	18	94	3	80	53	49	20	105	29	
Scenario 9
5	61	21	88	85	50	44	42	81	32	59	60	45	34	83	50	101	88	4	83	45	33	81	3	81	47	48	36	96	47	
Scenario 10
1	59	32	87	66	54	59	46	96	32	57	67	47	35	87	41	91	87	6	89	54	37	91	1	62	43	48	22	92	44	
END
