30
5
5
30
10
Uniform

31	31
25	14
82	98
47	57
16	23

13	41
23	48
93	59
58	52
25	78
42	19
46	55
88	53
52	78
20	92
18	48
67	23
39	24
48	68
66	50
73	5
37	98
69	20
13	81
27	13
20	51
23	45
76	22
18	29
87	57
77	58
43	15
45	89
34	11
95	71

350

1000
1000
1000
1000
1000

32
59
91
80
82
48
96
30
17
56
15
51
70
92
8
30
54
90
99
59
26
58
13
72
23
48
42
43
52
69

100
100
100
100
100

0

0

Scenario 1
13	97	117	89	126	25	57	45	25	71	16	21	34	119	14	16	19	23	101	55	5	74	14	27	22	18	64	14	25	41	
Scenario 2
21	55	125	37	75	32	79	27	6	24	8	32	114	36	11	25	65	64	119	102	20	72	23	37	34	35	54	48	29	94	
Scenario 3
53	48	106	69	64	52	136	49	16	61	13	70	47	153	12	18	55	85	153	60	39	89	3	71	39	83	12	62	30	42	
Scenario 4
34	63	45	20	17	41	75	17	10	61	20	70	59	53	2	54	37	45	147	54	38	78	15	77	29	27	43	49	26	16	
Scenario 5
47	101	139	50	43	24	97	22	28	53	22	91	90	134	6	32	32	122	49	61	11	72	22	15	27	61	56	44	90	75	
Scenario 6
32	13	152	20	83	68	161	30	6	98	15	37	50	58	8	22	90	71	109	24	35	100	23	39	18	17	22	56	84	26	
Scenario 7
7	20	136	61	57	82	40	20	26	30	9	27	81	115	5	6	83	122	147	18	28	40	22	111	25	25	45	17	49	95	
Scenario 8
24	38	34	123	110	62	77	13	12	100	18	40	93	165	10	24	87	57	160	50	16	73	8	127	39	85	69	11	37	105	
Scenario 9
54	35	117	88	129	11	154	21	8	90	25	59	126	50	4	9	22	27	101	34	7	50	13	128	10	69	67	47	58	71	
Scenario 10
53	56	32	103	20	44	147	23	25	13	14	71	122	44	10	48	58	22	30	83	17	40	15	89	19	29	8	16	26	22	
END
