30
5
5
30
10
Uniform

94	37
70	95
67	59
25	51
76	3

52	3
57	9
26	85
57	12
71	25
83	64
2	9
87	15
18	94
62	59
21	14
77	6
6	12
43	71
48	49
16	67
6	50
49	86
31	58
84	96
97	42
11	58
65	16
81	95
71	6
23	39
18	1
17	5
55	12
5	78

275

1000
1000
1000
1000
1000

94
11
60
11
90
15
77
93
88
18
39
98
16
32
14
65
58
15
67
44
46
12
25
54
97
7
60
42
95
67

100
100
100
100
100

0

0

Scenario 1
107	2	65	7	61	11	131	29	133	15	41	157	15	55	10	52	99	17	57	26	58	8	38	97	147	10	74	29	140	16	
Scenario 2
162	3	21	13	71	13	111	98	19	15	16	139	27	28	19	27	54	6	70	23	29	3	9	36	23	10	21	66	154	94	
Scenario 3
49	10	13	16	41	15	118	54	145	26	41	173	21	32	21	68	81	3	84	52	40	10	40	82	82	12	44	54	138	67	
Scenario 4
29	7	74	15	89	9	115	142	93	3	67	85	16	8	4	63	33	16	93	45	33	8	44	37	71	4	45	10	40	84	
Scenario 5
104	3	78	11	45	10	55	122	28	16	23	46	28	31	24	66	80	26	24	24	21	2	32	69	73	8	82	75	50	60	
Scenario 6
57	17	16	3	38	5	61	84	33	23	33	131	19	52	8	114	12	4	48	51	75	11	34	13	104	7	40	49	127	91	
Scenario 7
147	13	57	12	61	27	134	20	48	19	9	23	20	45	5	110	61	12	77	28	10	11	35	47	86	10	35	71	160	65	
Scenario 8
122	6	83	5	113	14	29	142	100	29	18	44	9	32	5	90	73	13	68	75	62	15	43	71	71	10	53	12	80	22	
Scenario 9
128	16	66	5	71	18	72	66	115	22	65	140	13	17	20	32	21	24	90	10	82	17	7	78	108	12	84	22	70	33	
Scenario 10
88	15	34	7	93	4	72	148	96	29	68	112	16	49	25	116	80	19	57	54	76	21	30	94	146	9	25	14	128	36	
END
