30
5
5
30
10
Poisson

43	83
37	85
97	2
22	22
12	36

51	1
67	30
22	78
38	55
12	78
6	52
67	79
98	16
9	86
79	97
94	85
79	72
9	41
99	32
22	99
82	60
64	85
5	39
98	35
97	23
31	75
11	71
6	95
14	58
73	5
30	59
13	3
90	8
71	12
29	28

275

1000
1000
1000
1000
1000

58
33
38
22
4
44
14
92
37
65
98
38
3
30
24
71
28
37
66
74
12
1
81
2
73
69
98
33
1
27

100
100
100
100
100

0

0

Scenario 1
67	27	32	18	5	58	21	86	40	57	96	44	3	21	30	69	25	32	81	86	7	0	94	2	77	71	114	32	1	31	
Scenario 2
60	33	41	18	3	44	20	70	48	48	91	35	5	29	22	74	31	34	58	85	7	0	92	1	80	74	114	29	1	23	
Scenario 3
62	26	38	30	2	41	11	82	43	77	88	40	2	34	24	67	27	47	66	66	5	0	82	3	62	75	74	32	0	28	
Scenario 4
52	29	34	27	6	51	13	80	33	62	108	30	6	31	25	72	33	41	70	75	13	3	85	0	66	54	96	33	0	20	
Scenario 5
54	36	50	16	6	34	10	114	35	78	110	32	2	30	17	70	30	35	65	77	14	2	74	1	58	79	91	31	0	39	
Scenario 6
62	35	37	21	2	44	16	82	40	62	92	33	4	21	15	77	32	35	67	81	11	3	72	2	64	67	97	31	0	24	
Scenario 7
57	36	35	16	5	45	6	92	31	55	83	41	4	27	28	59	24	37	68	78	18	1	97	2	64	88	92	37	0	32	
Scenario 8
69	34	41	29	3	39	8	90	37	64	114	37	1	27	25	69	36	31	67	81	15	1	77	0	61	63	80	34	0	32	
Scenario 9
57	43	36	29	3	37	12	83	34	52	99	34	4	32	31	72	37	26	60	70	12	1	82	3	75	64	93	47	2	33	
Scenario 10
55	39	41	22	5	48	18	85	43	72	96	37	2	44	21	64	37	33	73	77	17	0	77	1	77	62	101	34	3	26	
END
