30
5
5
30
10
Uniform

78	13
100	28
69	59
76	97
2	14

98	70
58	72
2	52
69	58
83	74
14	42
44	98
50	6
7	46
45	98
35	84
76	48
38	99
21	10
21	7
34	85
11	20
92	51
83	26
49	12
49	36
69	36
34	9
24	90
29	66
25	100
99	27
92	69
42	67
20	27

350

1000
1000
1000
1000
1000

87
25
28
59
13
65
86
56
21
16
86
72
72
75
76
59
86
9
22
58
26
85
43
45
46
72
40
69
23
86

100
100
100
100
100

0

0

Scenario 1
26	6	35	38	6	82	153	75	35	28	32	35	34	44	82	51	58	3	36	101	45	47	37	62	60	15	45	43	37	104	
Scenario 2
40	22	36	51	14	105	92	39	30	28	120	21	33	20	105	29	120	15	21	14	44	26	9	75	43	41	72	54	36	98	
Scenario 3
108	5	35	30	20	57	31	39	11	25	131	81	110	17	83	56	138	4	17	33	35	82	27	72	28	106	53	27	4	47	
Scenario 4
139	30	42	21	17	41	140	17	8	26	107	116	47	36	24	11	143	12	39	72	27	78	71	53	82	73	46	87	23	68	
Scenario 5
152	24	25	23	3	28	90	67	13	19	151	52	95	57	17	63	110	8	19	101	21	85	55	69	56	126	16	124	25	35	
Scenario 6
29	10	5	69	8	105	51	84	19	26	66	20	80	85	58	38	59	14	17	36	25	121	25	10	34	58	30	16	10	27	
Scenario 7
140	40	39	73	20	104	58	33	10	8	132	110	90	122	63	90	87	10	21	23	37	88	75	14	55	127	51	23	35	88	
Scenario 8
51	26	8	64	5	39	140	77	18	24	73	85	122	67	85	16	30	13	19	24	9	108	63	37	10	118	43	117	23	74	
Scenario 9
140	24	40	74	10	93	64	70	15	6	53	89	75	68	63	18	100	16	23	103	9	83	39	14	60	92	32	105	25	111	
Scenario 10
81	14	39	70	17	27	56	40	29	3	124	103	92	104	133	25	24	12	7	83	6	129	58	81	73	82	11	60	29	38	
END
