30
5
5
30
10
Poisson

78	13
100	28
69	59
76	97
2	14

98	70
58	72
2	52
69	58
83	74
14	42
44	98
50	6
7	46
45	98
35	84
76	48
38	99
21	10
21	7
34	85
11	20
92	51
83	26
49	12
49	36
69	36
34	9
24	90
29	66
25	100
99	27
92	69
42	67
20	27

350

1000
1000
1000
1000
1000

87
25
28
59
13
65
86
56
21
16
86
72
72
75
76
59
86
9
22
58
26
85
43
45
46
72
40
69
23
86

100
100
100
100
100

0

0

Scenario 1
91	41	29	67	9	70	93	56	20	13	89	84	78	76	94	53	95	9	17	54	22	80	55	47	49	80	25	81	28	105	
Scenario 2
72	22	32	60	12	74	94	58	16	10	108	80	66	78	77	65	87	6	16	66	25	74	40	56	30	53	28	62	31	93	
Scenario 3
73	19	27	44	12	66	83	51	19	15	102	70	79	69	75	55	95	6	18	68	25	87	51	40	61	72	39	72	21	95	
Scenario 4
106	25	23	60	8	53	73	69	28	14	67	67	81	58	78	54	80	8	25	64	30	75	43	37	48	82	39	78	21	87	
Scenario 5
81	24	32	58	9	58	85	44	18	18	88	72	81	69	71	74	90	12	18	47	25	95	43	49	48	74	40	80	25	93	
Scenario 6
86	19	28	67	11	66	99	77	15	23	82	68	77	81	77	66	76	12	20	50	20	98	52	57	38	70	49	65	24	84	
Scenario 7
90	29	31	48	15	63	90	45	15	24	72	84	61	75	79	72	96	9	26	55	34	77	50	47	42	76	46	66	34	99	
Scenario 8
81	20	40	44	14	72	80	44	23	12	80	65	65	81	76	59	80	9	25	64	25	57	43	37	44	72	37	77	21	88	
Scenario 9
85	31	24	58	17	45	95	57	17	17	91	62	82	74	81	51	85	4	28	70	27	76	42	47	41	65	50	63	19	86	
Scenario 10
88	23	32	66	16	62	85	56	18	17	93	65	59	81	88	44	91	13	18	57	19	93	33	48	45	69	43	71	27	84	
END
