30
5
5
30
10
Uniform

78	94
81	63
57	37
72	72
56	94

93	4
7	97
63	22
30	33
51	80
11	8
14	27
21	1
19	39
42	95
29	94
23	55
52	66
28	52
39	58
64	54
15	46
37	1
65	19
82	35
74	49
98	14
56	40
5	84
27	43
25	41
25	17
86	1
16	20
80	4

350

1000
1000
1000
1000
1000

61
62
50
42
80
45
97
80
7
76
49
28
87
2
75
50
54
28
61
1
75
95
97
79
85
35
74
52
14
21

100
100
100
100
100

0

0

Scenario 1
16	31	81	23	142	42	105	30	5	111	62	49	124	3	43	62	48	26	98	0	72	22	81	98	108	11	91	78	12	34	
Scenario 2
65	68	20	69	85	23	130	125	9	75	48	30	65	1	27	29	93	44	68	1	50	23	109	140	105	42	35	71	15	19	
Scenario 3
57	14	81	34	123	61	167	128	9	82	58	20	79	1	69	72	21	24	34	1	129	82	94	88	103	11	68	40	20	27	
Scenario 4
94	89	60	9	129	42	96	99	12	27	47	14	79	0	73	62	28	42	79	1	110	105	70	113	147	23	109	47	19	23	
Scenario 5
54	76	42	27	143	21	19	60	8	113	86	16	76	3	106	63	58	11	66	0	112	150	48	50	153	44	52	91	15	9	
Scenario 6
83	75	54	47	30	25	99	18	11	46	80	13	52	1	44	86	12	15	99	1	104	162	35	87	32	31	56	46	15	10	
Scenario 7
33	20	74	17	35	27	47	66	7	112	27	25	88	3	100	40	60	43	39	1	87	47	45	63	91	38	100	45	13	34	
Scenario 8
68	76	34	47	70	19	38	29	11	28	65	47	137	1	96	68	16	23	65	1	101	147	59	64	28	37	131	73	19	16	
Scenario 9
55	71	85	56	82	41	57	21	1	95	32	19	140	0	105	12	58	26	87	1	120	146	92	17	116	8	120	38	15	21	
Scenario 10
49	77	20	8	92	56	79	59	2	116	52	13	58	0	109	64	42	36	12	1	131	72	67	47	63	45	132	33	23	12	
END
