40
5
5
40
10
Uniform

75	19
7	32
89	20
81	65
53	21

96	82
22	34
83	27
65	56
9	92
5	97
79	37
91	23
7	88
41	84
21	46
88	40
65	18
9	16
82	65
81	97
3	64
38	70
75	19
65	82
72	49
22	80
85	82
71	13
26	29
91	79
55	53
3	84
54	64
67	31
24	50
88	19
51	16
78	99
91	43
71	76
96	80
81	7
70	69
31	64

275

1750
1750
1750
1750
1750

68
87
56
68
54
73
46
9
46
19
82
83
18
59
85
74
20
31
49
26
80
49
15
1
97
62
57
52
30
23
49
72
28
67
37
34
44
94
29
37

100
100
100
100
100

0

0

Scenario 1
43	156	69	92	70	118	42	9	24	24	63	43	8	96	18	120	36	38	34	30	31	48	13	0	82	22	34	79	13	32	67	91	35	61	17	6	51	129	11	49	
Scenario 2
76	24	12	50	82	112	28	8	52	15	28	79	14	19	148	56	15	12	29	14	103	34	5	0	152	58	45	84	14	41	82	118	32	118	14	61	23	151	34	47	
Scenario 3
62	53	61	52	68	59	32	2	59	32	97	126	9	88	63	37	28	35	81	24	121	43	14	0	165	109	65	22	31	20	31	105	42	34	11	9	26	145	23	59	
Scenario 4
81	89	15	110	47	124	58	10	32	15	143	115	21	102	49	100	17	55	52	20	65	58	8	0	140	63	48	81	23	41	29	128	36	85	46	15	32	73	36	55	
Scenario 5
53	68	23	81	74	89	71	2	41	30	58	137	17	36	89	54	16	18	51	36	32	45	8	1	163	70	77	37	40	14	33	73	38	70	17	20	31	141	52	23	
Scenario 6
41	115	23	29	87	52	49	14	45	8	133	80	21	100	129	105	15	21	23	16	101	26	5	1	138	78	43	86	23	4	51	61	22	38	21	58	54	135	43	34	
Scenario 7
68	110	40	89	43	94	9	6	68	22	78	138	27	33	134	62	24	42	22	32	75	33	14	0	112	19	45	32	30	14	60	31	31	98	51	44	63	29	25	62	
Scenario 8
44	136	21	18	91	73	24	8	24	28	147	105	11	94	125	93	21	23	58	25	97	38	15	0	28	46	61	58	12	21	12	56	35	90	44	27	63	125	11	65	
Scenario 9
56	70	22	98	42	103	74	16	31	30	39	41	24	53	70	56	33	39	47	17	23	11	8	0	39	21	97	70	40	39	65	118	25	56	58	53	74	35	49	22	
Scenario 10
120	120	28	66	46	64	77	7	25	29	126	98	25	38	97	36	32	45	22	24	35	65	6	0	171	23	50	78	16	20	73	117	7	82	23	42	52	102	20	9	
END
