40
5
5
40
10
Poisson

18	5
5	59
90	26
16	49
33	18

10	33
12	72
14	23
73	56
62	54
44	51
33	6
11	8
29	31
83	41
28	81
16	13
77	20
32	75
22	58
5	35
7	38
43	99
36	89
46	84
5	13
92	67
12	7
11	93
94	19
78	5
42	4
75	55
32	60
54	35
99	39
27	38
59	9
95	20
80	95
86	65
45	80
28	12
32	85
98	60

275

1750
1750
1750
1750
1750

26
68
39
4
18
98
85
60
80
66
20
36
55
94
31
44
66
1
54
63
16
7
89
98
20
34
91
59
91
10
98
95
43
33
92
51
47
9
20
13

100
100
100
100
100

0

0

Scenario 1
26	76	41	4	15	88	95	58	74	70	20	28	42	99	34	48	71	0	44	59	13	4	95	93	24	31	80	69	84	12	78	101	38	36	82	44	48	8	26	15	
Scenario 2
35	69	48	2	15	82	79	57	91	59	19	31	66	106	39	50	62	1	61	65	19	5	94	91	21	42	77	53	93	13	82	101	47	38	91	54	50	12	24	12	
Scenario 3
24	55	37	5	24	86	85	73	78	73	24	41	49	93	32	44	50	1	64	60	19	8	80	106	22	37	94	60	90	12	88	89	35	42	83	56	45	9	13	13	
Scenario 4
25	71	46	0	19	88	83	58	84	83	21	29	55	88	26	45	61	4	54	63	17	11	100	114	30	37	81	56	81	6	99	66	27	53	94	49	44	9	26	13	
Scenario 5
27	80	53	5	17	124	74	78	77	57	20	39	48	93	26	44	68	2	54	66	16	7	87	107	22	38	83	53	78	12	97	99	28	34	93	50	49	10	11	14	
Scenario 6
23	76	29	5	20	108	80	71	87	73	13	39	56	87	38	48	68	2	53	71	21	4	79	98	29	27	90	58	100	9	105	87	46	27	76	60	46	10	19	18	
Scenario 7
27	78	28	1	25	106	81	58	82	54	30	35	54	96	35	47	80	1	61	65	14	7	84	114	20	40	96	68	100	6	95	100	51	31	99	46	44	6	15	10	
Scenario 8
22	67	47	6	23	103	74	56	77	77	27	30	49	71	24	39	60	0	52	53	17	5	98	101	26	29	87	48	90	9	80	99	37	36	111	50	49	7	22	11	
Scenario 9
31	66	49	5	17	112	81	69	71	57	22	33	50	93	21	36	68	0	52	66	16	7	95	108	24	32	90	60	92	8	97	75	46	26	104	42	47	11	20	16	
Scenario 10
28	69	43	6	13	98	89	77	74	77	24	37	57	96	28	31	71	1	55	58	23	4	93	100	14	23	92	55	98	15	81	87	49	35	91	45	33	15	21	11	
END
