40
5
5
40
10
Uniform

25	75
74	54
4	44
46	22
69	17

1	4
51	75
75	5
17	73
60	50
40	11
68	24
22	48
13	79
35	79
23	52
6	62
99	14
57	37
32	53
4	31
32	40
53	58
47	5
5	97
77	55
29	46
6	13
27	17
34	7
68	50
22	43
100	79
51	49
9	38
67	36
59	40
30	1
72	73
75	10
58	28
58	51
28	39
78	15
25	21

340

1750
1750
1750
1750
1750

17
34
71
99
35
3
48
20
91
20
54
61
35
88
47
54
92
16
37
17
36
49
88
73
27
21
53
88
68
6
75
55
68
99
10
55
75
9
1
36

100
100
100
100
100

0

0

Scenario 1
18	18	108	58	25	1	65	13	88	29	13	40	39	43	82	64	102	12	7	10	57	24	84	18	26	12	42	76	78	10	98	83	34	157	16	25	47	12	0	30	
Scenario 2
24	53	99	30	17	3	26	36	106	29	67	23	42	101	61	74	153	23	30	9	24	10	145	47	38	29	18	138	77	10	90	52	121	127	10	25	55	3	0	30	
Scenario 3
15	8	101	32	17	0	50	10	83	36	74	39	25	32	74	68	25	19	54	20	18	36	19	23	24	32	69	105	13	6	67	78	95	39	8	97	56	2	0	11	
Scenario 4
28	42	32	145	48	1	72	28	143	34	46	48	40	36	34	20	79	9	39	20	24	83	55	39	11	4	25	21	116	4	38	29	14	165	18	80	18	15	0	21	
Scenario 5
26	54	71	120	27	4	23	10	125	13	80	104	56	106	64	75	47	22	63	3	61	49	44	31	26	8	52	90	104	9	96	95	100	30	13	87	40	10	1	47	
Scenario 6
14	9	14	157	45	4	31	13	94	16	35	84	19	62	82	16	29	9	8	25	29	42	20	82	15	29	56	19	25	6	108	71	65	126	13	51	120	1	1	52	
Scenario 7
15	35	127	151	18	1	13	19	97	13	23	63	21	27	69	63	21	3	9	18	8	38	109	25	14	12	83	47	69	6	96	47	76	87	16	43	113	16	1	41	
Scenario 8
28	8	120	48	30	1	52	16	116	13	29	109	8	66	19	25	44	22	36	9	59	76	97	105	32	20	75	115	119	10	20	90	61	140	7	57	72	15	1	12	
Scenario 9
26	9	87	73	37	1	25	16	57	20	15	77	24	129	46	64	108	19	14	28	22	51	76	38	30	14	72	97	67	9	86	24	70	109	6	15	26	7	0	25	
Scenario 10
10	14	97	66	7	0	49	31	141	17	95	103	46	121	80	71	72	4	53	29	40	87	118	95	16	6	66	65	118	10	49	46	89	101	5	34	72	1	1	37	
END
