40
5
5
40
10
Uniform

60	52
52	65
85	73
8	61
57	99

76	78
5	61
87	60
37	73
33	86
16	8
82	14
10	97
32	30
55	62
69	3
65	74
49	37
37	94
43	91
61	90
72	44
55	97
96	42
64	20
73	52
51	34
11	50
32	18
10	24
60	15
54	44
90	14
35	36
45	61
2	84
26	76
73	36
19	44
78	55
45	77
55	33
80	49
8	68
9	20

325

1750
1750
1750
1750
1750

28
80
36
22
34
17
82
74
45
71
57
65
61
45
96
92
37
74
17
58
55
76
60
79
73
100
21
93
9
25
85
51
96
33
94
16
64
99
98
59

100
100
100
100
100

0

0

Scenario 1
8	97	25	25	50	19	55	84	44	107	31	98	102	20	95	97	58	93	13	99	69	30	74	36	30	69	8	32	16	35	118	88	63	13	31	27	21	118	140	84	
Scenario 2
25	37	57	8	20	25	77	64	41	96	39	29	108	56	154	124	49	68	7	34	49	44	29	129	101	30	22	27	5	16	64	78	127	52	53	16	17	88	159	102	
Scenario 3
42	109	61	16	51	21	65	27	77	124	76	66	65	13	74	53	31	54	7	21	86	52	16	132	66	33	33	38	6	17	97	29	54	21	74	5	61	35	42	42	
Scenario 4
48	23	18	34	26	17	131	81	68	83	48	68	31	55	107	69	13	91	23	75	50	28	101	62	98	81	5	60	11	31	130	55	32	6	22	24	29	177	158	44	
Scenario 5
23	74	58	5	28	21	46	72	60	51	78	33	66	76	119	123	57	41	14	76	79	121	106	114	108	173	22	36	5	5	17	46	108	43	72	27	66	21	70	34	
Scenario 6
23	92	51	31	8	3	29	133	50	81	29	48	103	75	45	79	47	130	14	23	85	80	22	94	59	20	20	106	9	39	112	49	72	55	140	28	20	97	111	100	
Scenario 7
35	58	48	16	58	20	118	41	53	60	46	57	80	57	86	47	12	63	23	78	48	109	46	50	73	124	10	114	9	6	108	21	102	27	86	14	17	128	76	101	
Scenario 8
28	78	51	11	21	3	125	54	72	127	95	48	97	53	115	129	49	18	25	88	93	71	23	28	104	37	18	127	2	29	138	80	160	25	167	24	25	65	155	56	
Scenario 9
18	73	43	24	17	6	108	68	58	81	30	65	16	35	73	84	53	76	24	58	23	32	69	95	80	78	37	51	5	29	69	89	155	21	169	28	97	143	124	13	
Scenario 10
36	88	51	11	37	30	131	113	77	23	64	26	25	64	82	87	29	23	29	12	74	58	39	38	52	100	26	165	4	44	84	68	152	6	29	8	33	106	105	56	
END
