40
5
5
40
10
Uniform

86	34
28	62
62	44
19	35
95	4

61	67
14	62
86	10
57	58
13	82
19	45
71	73
3	23
94	66
36	56
22	71
96	45
58	13
58	61
52	62
33	45
8	33
52	9
78	30
32	27
6	9
81	82
97	35
7	80
5	90
62	73
40	45
21	45
7	4
14	66
4	23
42	11
85	77
57	92
56	7
33	57
77	45
21	17
8	60
10	25

390

1750
1750
1750
1750
1750

40
18
87
17
39
51
2
85
64
42
2
92
16
80
58
63
64
28
65
76
93
74
41
28
90
65
45
31
14
66
84
18
100
79
80
87
46
61
76
83

100
100
100
100
100

0

0

Scenario 1
47	16	20	10	67	69	1	60	68	25	2	76	28	53	63	91	25	32	70	85	157	76	22	41	79	53	9	49	16	110	87	14	93	125	133	60	61	18	49	28	
Scenario 2
64	6	131	16	50	64	1	50	86	58	0	46	4	128	97	43	115	30	67	92	32	50	44	27	126	13	51	33	14	39	81	21	82	20	99	151	32	95	129	65	
Scenario 3
63	20	70	29	68	38	2	90	33	61	0	149	12	116	57	36	25	5	82	88	155	113	56	25	114	101	50	30	19	13	109	27	132	133	102	68	27	101	110	34	
Scenario 4
62	28	104	24	17	29	0	19	82	20	0	50	9	80	50	36	62	7	66	78	97	57	49	41	138	99	79	17	8	48	72	11	64	102	126	36	24	27	57	102	
Scenario 5
14	15	133	9	61	10	0	18	73	43	2	80	27	54	93	71	44	32	64	50	55	50	15	40	104	30	26	36	11	52	105	19	80	93	128	110	79	23	95	149	
Scenario 6
34	23	21	23	63	56	1	148	87	63	0	100	6	85	83	42	59	24	51	82	141	77	65	49	24	22	14	40	6	30	102	23	120	91	30	150	55	15	55	144	
Scenario 7
54	28	135	6	39	63	2	69	69	46	2	101	15	60	70	82	39	39	55	51	53	82	45	35	142	76	54	52	24	107	134	29	131	81	96	65	76	26	33	85	
Scenario 8
18	11	17	10	47	67	3	21	26	69	2	57	7	95	54	78	79	12	58	49	79	110	67	42	61	24	73	23	24	90	102	7	35	69	85	150	26	106	119	125	
Scenario 9
55	19	133	10	68	32	1	48	98	29	2	73	17	121	54	88	78	11	70	130	65	50	16	26	116	94	36	25	14	56	137	23	128	22	61	40	52	78	74	124	
Scenario 10
43	11	138	24	12	20	3	27	109	30	2	23	3	29	56	69	52	31	59	44	87	40	19	35	122	27	67	55	18	65	39	25	132	63	34	135	31	66	135	47	
END
