40
5
5
40
10
Poisson

25	75
74	54
4	44
46	22
69	17

1	4
51	75
75	5
17	73
60	50
40	11
68	24
22	48
13	79
35	79
23	52
6	62
99	14
57	37
32	53
4	31
32	40
53	58
47	5
5	97
77	55
29	46
6	13
27	17
34	7
68	50
22	43
100	79
51	49
9	38
67	36
59	40
30	1
72	73
75	10
58	28
58	51
28	39
78	15
25	21

340

1750
1750
1750
1750
1750

17
34
71
99
35
3
48
20
91
20
54
61
35
88
47
54
92
16
37
17
36
49
88
73
27
21
53
88
68
6
75
55
68
99
10
55
75
9
1
36

100
100
100
100
100

0

0

Scenario 1
21	49	70	114	36	3	58	27	116	21	46	67	27	102	49	52	103	17	33	18	31	58	81	67	29	15	55	93	55	3	67	56	66	103	7	58	74	11	1	40	
Scenario 2
13	38	66	91	22	2	39	24	88	25	59	66	29	104	57	56	92	15	33	24	32	57	101	67	32	20	44	81	65	6	80	43	72	98	15	60	59	6	0	48	
Scenario 3
15	30	63	94	35	4	46	12	87	17	67	80	27	86	55	34	101	21	36	19	42	54	103	67	34	23	60	96	71	5	64	52	56	115	14	53	73	13	0	47	
Scenario 4
23	40	68	94	38	7	50	20	90	21	56	56	29	74	49	52	113	11	33	15	34	65	91	76	31	21	60	76	73	7	83	49	60	104	8	59	69	4	2	41	
Scenario 5
17	31	60	88	36	2	43	24	84	24	54	58	30	81	56	47	91	20	42	14	40	54	92	85	26	31	51	82	72	7	79	51	69	81	9	61	89	9	1	39	
Scenario 6
19	37	69	83	34	3	59	11	105	25	61	71	32	81	42	49	106	17	35	16	28	39	87	82	23	27	58	65	81	5	85	72	68	91	12	51	79	7	2	34	
Scenario 7
16	45	63	87	38	5	45	19	90	19	56	46	42	83	53	61	101	16	47	25	27	43	97	93	25	18	64	86	65	2	66	50	69	97	7	50	65	9	1	43	
Scenario 8
18	38	73	106	42	1	46	21	78	22	44	54	39	85	53	54	78	15	28	27	42	51	72	61	28	20	57	97	60	8	73	49	57	101	8	63	79	8	2	34	
Scenario 9
24	34	80	99	44	2	54	16	89	26	59	46	38	90	46	49	105	11	37	20	39	47	68	80	30	24	57	92	70	9	79	53	71	99	9	50	56	7	2	37	
Scenario 10
10	39	66	88	45	2	52	29	91	27	55	55	34	98	48	68	71	15	41	17	37	46	82	66	30	27	57	91	63	3	76	47	66	97	20	43	78	7	1	37	
END
