40
5
5
40
10
Uniform

64	63
51	51
5	17
73	15
38	18

17	71
32	16
36	36
50	3
32	99
43	79
13	47
38	59
62	25
44	1
23	7
13	42
28	51
74	41
77	73
38	86
59	48
16	57
64	78
29	8
69	21
35	61
58	10
93	39
85	96
38	59
4	20
93	47
16	20
28	21
3	78
35	28
63	1
69	39
14	37
7	34
62	78
5	1
93	8
43	90

370

1750
1750
1750
1750
1750

91
61
24
13
61
9
63
54
37
26
12
74
70
81
85
42
15
94
19
54
76
79
90
38
88
95
21
45
58
28
46
89
70
4
63
48
16
58
40
81

100
100
100
100
100

0

0

Scenario 1
92	108	32	16	42	2	59	19	30	20	17	69	95	17	114	44	19	150	14	81	48	106	125	66	131	146	23	77	56	45	28	130	36	3	92	31	18	97	33	109	
Scenario 2
21	12	9	8	61	9	97	36	41	42	10	101	123	84	91	50	7	50	19	28	16	23	98	62	156	80	25	19	22	29	12	35	52	2	52	84	14	34	57	120	
Scenario 3
160	60	7	21	98	15	90	72	25	21	7	44	25	90	145	55	20	40	25	39	23	127	132	25	87	54	14	14	39	49	26	118	79	1	101	42	23	95	27	144	
Scenario 4
58	52	13	6	109	7	29	91	59	14	6	67	87	128	99	46	22	167	17	75	73	89	84	22	46	71	16	35	23	43	78	144	34	1	59	81	7	47	50	112	
Scenario 5
104	78	22	5	103	9	77	74	23	45	11	25	110	118	69	66	4	97	30	94	71	55	20	14	18	37	28	38	70	48	25	96	18	7	60	26	20	95	62	21	
Scenario 6
21	81	40	7	56	13	80	42	39	25	20	108	107	49	77	57	4	141	4	85	88	139	74	31	19	62	37	24	24	30	19	154	76	2	81	38	15	37	59	106	
Scenario 7
115	72	6	16	36	10	83	97	62	6	20	95	53	111	135	11	17	108	22	74	110	46	87	60	87	113	31	65	88	10	50	63	29	0	28	60	11	38	14	123	
Scenario 8
128	22	11	2	44	13	77	52	21	9	4	127	84	51	75	30	18	52	22	85	44	102	61	59	154	134	9	10	98	42	47	37	72	6	61	86	7	46	57	85	
Scenario 9
34	90	41	18	66	13	51	11	62	20	21	43	63	49	111	20	10	105	5	63	105	78	62	8	57	131	37	32	87	6	34	103	57	4	32	38	7	67	10	110	
Scenario 10
113	40	34	18	95	6	105	24	36	11	15	34	63	78	47	36	8	52	28	53	136	53	153	36	137	142	5	43	68	18	16	124	94	6	79	51	26	103	61	64	
END
