40
5
5
40
10
Poisson

75	19
7	32
89	20
81	65
53	21

96	82
22	34
83	27
65	56
9	92
5	97
79	37
91	23
7	88
41	84
21	46
88	40
65	18
9	16
82	65
81	97
3	64
38	70
75	19
65	82
72	49
22	80
85	82
71	13
26	29
91	79
55	53
3	84
54	64
67	31
24	50
88	19
51	16
78	99
91	43
71	76
96	80
81	7
70	69
31	64

275

1750
1750
1750
1750
1750

68
87
56
68
54
73
46
9
46
19
82
83
18
59
85
74
20
31
49
26
80
49
15
1
97
62
57
52
30
23
49
72
28
67
37
34
44
94
29
37

100
100
100
100
100

0

0

Scenario 1
72	78	58	75	44	74	52	10	43	20	87	74	21	55	89	66	17	32	32	28	95	48	18	0	111	55	36	48	35	16	39	74	19	79	33	28	41	79	24	36	
Scenario 2
66	109	60	61	62	79	34	7	45	20	90	95	20	63	72	73	20	26	52	28	86	53	12	1	91	54	65	44	25	23	44	75	26	61	24	36	45	81	33	31	
Scenario 3
58	94	60	73	57	93	38	6	48	26	72	81	19	55	75	71	27	34	43	27	92	48	19	2	104	61	66	56	32	15	49	81	19	73	35	38	42	91	29	38	
Scenario 4
67	100	56	75	51	70	43	13	38	10	73	81	26	54	83	78	15	36	41	27	93	62	12	1	85	69	55	51	25	13	42	69	31	73	45	34	45	95	33	38	
Scenario 5
68	88	65	53	61	71	46	8	40	20	88	86	17	65	92	71	24	24	42	23	84	50	18	1	92	57	66	52	24	18	38	65	27	61	43	39	33	101	31	44	
Scenario 6
71	95	53	66	60	76	51	7	48	17	88	79	17	52	92	72	21	37	53	38	97	59	16	3	89	64	58	57	37	26	43	75	19	73	37	44	41	113	30	38	
Scenario 7
65	82	68	81	44	80	47	10	42	16	73	80	15	71	81	74	19	30	49	25	69	58	16	1	98	50	60	48	25	25	42	74	38	74	38	31	43	103	30	33	
Scenario 8
68	80	47	60	66	74	48	10	43	19	64	88	17	69	63	70	22	28	50	25	67	54	12	1	106	58	53	56	28	19	45	69	31	77	44	35	53	95	25	43	
Scenario 9
78	105	50	82	52	77	62	4	42	30	73	75	18	55	82	64	22	25	52	20	83	45	13	0	101	64	47	56	27	15	59	86	33	49	32	29	54	86	31	29	
Scenario 10
70	78	66	71	51	72	47	11	38	20	73	104	24	47	103	84	26	27	59	14	62	51	12	0	87	61	67	49	29	27	48	85	35	67	32	32	35	77	26	41	
END
