40
5
5
40
10
Uniform

18	5
5	59
90	26
16	49
33	18

10	33
12	72
14	23
73	56
62	54
44	51
33	6
11	8
29	31
83	41
28	81
16	13
77	20
32	75
22	58
5	35
7	38
43	99
36	89
46	84
5	13
92	67
12	7
11	93
94	19
78	5
42	4
75	55
32	60
54	35
99	39
27	38
59	9
95	20
80	95
86	65
45	80
28	12
32	85
98	60

275

1750
1750
1750
1750
1750

26
68
39
4
18
98
85
60
80
66
20
36
55
94
31
44
66
1
54
63
16
7
89
98
20
34
91
59
91
10
98
95
43
33
92
51
47
9
20
13

100
100
100
100
100

0

0

Scenario 1
9	107	41	7	10	118	152	14	33	57	23	49	29	115	50	32	112	0	82	35	26	1	64	52	15	28	104	90	63	7	21	112	55	56	63	36	37	15	28	23	
Scenario 2
26	56	57	4	29	88	126	28	138	97	26	54	49	101	25	21	34	0	75	23	26	8	113	48	34	29	149	81	113	10	124	85	44	54	90	75	31	5	5	9	
Scenario 3
27	33	22	6	23	168	23	23	95	84	9	8	65	159	51	9	108	1	27	23	23	12	72	154	26	35	128	81	21	16	43	134	51	52	66	59	77	1	25	20	
Scenario 4
44	25	27	2	7	30	136	86	23	90	21	33	23	41	48	12	15	0	24	34	18	10	131	162	18	41	117	43	153	16	106	33	21	33	51	88	38	5	21	21	
Scenario 5
15	67	56	1	32	120	60	103	55	41	12	46	48	121	11	77	48	0	41	69	19	12	80	106	6	54	134	70	18	7	50	170	14	29	35	35	23	12	26	13	
Scenario 6
26	58	64	1	8	60	48	89	28	47	27	14	91	34	17	64	73	0	66	61	9	5	83	90	17	21	106	92	113	3	122	75	12	49	102	16	73	16	33	22	
Scenario 7
19	46	15	6	24	63	146	107	63	32	26	58	35	130	41	36	28	1	31	85	3	1	94	31	25	27	118	39	151	17	156	141	60	32	90	25	55	4	35	17	
Scenario 8
5	61	8	2	24	54	117	68	85	80	22	56	45	64	44	60	95	1	34	67	19	12	32	136	23	13	78	79	56	8	161	134	54	36	127	32	73	16	35	22	
Scenario 9
22	89	10	2	14	102	52	47	24	108	21	52	36	56	30	58	44	1	30	22	27	11	75	66	18	12	120	40	88	7	110	115	37	51	37	64	19	6	30	23	
Scenario 10
26	21	16	0	15	162	89	22	24	48	29	13	23	120	29	28	62	0	82	77	4	8	160	47	6	41	61	85	158	3	163	145	20	31	19	23	79	11	26	16	
END
