40
5
5
40
10
Poisson

86	34
28	62
62	44
19	35
95	4

61	67
14	62
86	10
57	58
13	82
19	45
71	73
3	23
94	66
36	56
22	71
96	45
58	13
58	61
52	62
33	45
8	33
52	9
78	30
32	27
6	9
81	82
97	35
7	80
5	90
62	73
40	45
21	45
7	4
14	66
4	23
42	11
85	77
57	92
56	7
33	57
77	45
21	17
8	60
10	25

390

1750
1750
1750
1750
1750

40
18
87
17
39
51
2
85
64
42
2
92
16
80
58
63
64
28
65
76
93
74
41
28
90
65
45
31
14
66
84
18
100
79
80
87
46
61
76
83

100
100
100
100
100

0

0

Scenario 1
42	24	87	18	46	63	2	83	45	55	3	72	12	84	56	84	87	38	57	73	99	60	39	31	92	67	48	29	12	66	78	14	106	84	82	66	49	82	89	74	
Scenario 2
41	17	86	17	35	53	5	65	51	36	5	104	18	86	51	61	55	31	67	82	94	67	43	30	87	65	34	30	14	79	81	12	93	74	93	79	53	63	90	88	
Scenario 3
38	12	101	12	45	45	1	71	66	43	0	112	13	81	59	79	74	33	81	73	94	73	42	26	102	75	39	36	12	57	72	18	95	95	86	76	46	53	74	74	
Scenario 4
29	19	88	14	35	44	1	85	65	52	4	101	13	87	59	65	58	26	70	81	95	81	39	30	91	61	42	30	9	72	77	14	116	75	87	98	54	54	80	89	
Scenario 5
34	17	72	16	35	37	2	78	80	47	4	84	11	84	67	62	73	37	76	71	96	68	27	22	83	52	47	36	9	70	89	16	93	99	72	81	37	69	77	89	
Scenario 6
30	23	75	20	44	45	1	90	63	38	3	90	19	99	49	61	62	23	73	74	93	70	37	32	98	66	65	34	27	68	65	20	94	86	88	77	36	71	72	99	
Scenario 7
44	23	99	16	45	47	1	75	58	35	1	89	20	80	63	54	59	29	70	75	87	63	38	35	81	65	52	32	12	73	77	15	102	81	69	75	49	55	92	66	
Scenario 8
34	24	79	17	47	52	2	89	60	38	1	100	13	85	63	60	70	23	71	67	87	77	40	27	98	63	46	23	12	73	88	19	86	71	83	74	38	64	67	79	
Scenario 9
38	14	81	18	48	47	1	88	73	49	3	87	14	73	57	63	53	36	65	88	96	84	28	20	99	57	48	14	16	63	101	18	107	71	78	93	44	70	77	95	
Scenario 10
43	19	83	17	28	56	1	80	73	28	1	81	9	77	57	58	59	28	56	103	90	69	32	27	87	54	39	36	17	78	93	17	92	85	59	100	54	61	66	73	
END
