40
5
5
40
10
Poisson

60	52
52	65
85	73
8	61
57	99

76	78
5	61
87	60
37	73
33	86
16	8
82	14
10	97
32	30
55	62
69	3
65	74
49	37
37	94
43	91
61	90
72	44
55	97
96	42
64	20
73	52
51	34
11	50
32	18
10	24
60	15
54	44
90	14
35	36
45	61
2	84
26	76
73	36
19	44
78	55
45	77
55	33
80	49
8	68
9	20

325

1750
1750
1750
1750
1750

28
80
36
22
34
17
82
74
45
71
57
65
61
45
96
92
37
74
17
58
55
76
60
79
73
100
21
93
9
25
85
51
96
33
94
16
64
99
98
59

100
100
100
100
100

0

0

Scenario 1
22	93	42	29	34	12	64	88	50	82	56	65	68	43	94	95	41	80	16	58	59	78	66	63	59	112	22	99	6	26	81	53	91	23	95	13	74	113	101	56	
Scenario 2
38	75	32	21	38	19	85	80	46	74	62	73	60	43	90	81	39	73	20	58	51	78	67	78	59	102	19	111	13	28	85	54	87	41	80	12	71	100	99	58	
Scenario 3
24	89	36	30	37	13	83	70	52	67	58	88	60	34	94	109	46	63	14	55	63	70	57	75	72	79	17	92	12	25	102	43	115	33	99	13	61	100	90	48	
Scenario 4
23	80	29	27	40	23	83	61	56	68	44	63	63	49	88	84	31	62	13	66	47	91	60	70	73	93	17	94	9	27	87	42	100	25	88	13	67	109	98	48	
Scenario 5
39	77	38	27	34	17	84	77	53	63	57	70	58	49	110	114	48	69	17	48	49	61	53	84	66	109	20	83	12	22	94	60	97	32	92	20	60	109	102	53	
Scenario 6
31	80	35	27	39	17	81	49	44	70	49	67	47	38	107	90	40	79	19	54	37	75	69	91	62	102	26	79	12	17	79	58	104	26	70	22	61	85	91	59	
Scenario 7
30	79	33	21	30	23	97	71	48	72	51	61	46	47	89	71	32	71	15	60	59	54	55	87	73	106	22	89	13	23	81	46	106	26	95	21	63	86	90	81	
Scenario 8
27	83	41	22	34	7	90	68	37	81	65	71	60	43	91	90	36	82	10	52	66	64	53	69	59	122	18	96	9	23	95	62	107	29	94	14	57	108	104	55	
Scenario 9
24	80	40	22	35	20	76	79	46	71	55	67	56	51	90	96	28	72	13	56	46	83	57	65	83	112	19	96	6	28	76	52	96	39	121	10	70	106	105	60	
Scenario 10
26	86	32	24	43	22	71	71	46	58	47	65	66	45	111	89	37	74	15	58	61	73	55	92	95	77	24	83	8	17	98	56	110	35	74	20	77	87	96	65	
END
