40
5
5
40
10
Poisson

64	63
51	51
5	17
73	15
38	18

17	71
32	16
36	36
50	3
32	99
43	79
13	47
38	59
62	25
44	1
23	7
13	42
28	51
74	41
77	73
38	86
59	48
16	57
64	78
29	8
69	21
35	61
58	10
93	39
85	96
38	59
4	20
93	47
16	20
28	21
3	78
35	28
63	1
69	39
14	37
7	34
62	78
5	1
93	8
43	90

370

1750
1750
1750
1750
1750

91
61
24
13
61
9
63
54
37
26
12
74
70
81
85
42
15
94
19
54
76
79
90
38
88
95
21
45
58
28
46
89
70
4
63
48
16
58
40
81

100
100
100
100
100

0

0

Scenario 1
79	60	26	10	63	8	77	55	47	29	14	61	62	76	96	33	17	102	14	47	64	68	77	36	87	93	15	44	62	20	65	93	77	6	64	55	10	49	41	85	
Scenario 2
82	62	25	14	51	9	45	49	53	32	12	77	70	79	102	59	16	93	29	53	90	75	102	37	92	102	23	35	60	28	33	89	85	4	79	48	19	67	47	83	
Scenario 3
82	65	21	17	48	9	46	61	33	24	11	72	61	80	88	40	14	85	19	62	59	83	90	41	85	89	17	47	56	34	52	81	78	7	67	44	17	57	37	98	
Scenario 4
83	71	19	9	57	12	56	64	35	28	15	63	49	93	82	44	10	99	18	51	77	77	83	30	85	92	18	28	49	24	46	87	70	5	72	63	9	57	45	74	
Scenario 5
92	58	27	12	60	7	81	38	37	23	12	59	71	78	93	40	16	94	17	55	90	74	92	47	73	98	12	64	66	35	44	89	70	3	58	37	12	57	35	87	
Scenario 6
93	68	31	9	50	9	61	63	50	28	18	68	79	62	89	41	15	78	21	54	85	76	79	32	89	97	24	40	64	31	31	86	69	4	59	39	21	63	37	92	
Scenario 7
86	68	31	12	64	2	58	55	25	28	15	69	64	80	93	50	16	96	20	69	77	73	95	40	86	98	19	40	60	34	47	85	82	1	68	40	18	56	34	99	
Scenario 8
84	71	27	18	58	12	69	54	38	19	14	75	74	85	88	48	7	94	25	51	64	77	93	38	81	105	23	45	45	23	43	84	75	3	71	47	15	65	41	89	
Scenario 9
87	56	21	11	71	4	56	53	28	26	6	83	74	83	118	33	16	98	14	60	88	73	91	28	70	73	18	42	68	26	45	97	71	4	62	34	7	68	41	85	
Scenario 10
72	66	23	13	66	8	74	51	36	29	12	78	64	76	82	52	17	95	19	52	81	80	77	37	102	90	21	38	59	21	37	89	54	3	59	52	13	56	40	89	
END
