55
15
15
55

30	61
22	54
45	54
39	47
28	39
36	36
32	35
33	32
27	28
32	28
11	27
18	25
39	19
15	12
40	12

32	31
29	32
27	36
29	29
32	29
26	25
24	33
30	35
29	27
29	21
33	28
17	53
34	30
25	60
21	28
30	51
19	47
17	33
22	40
25	14
29	12
24	48
17	42
6	26
19	21
10	32
34	56
12	47
19	38
27	41
21	35
32	45
27	45
32	38
8	22
15	25
35	10
36	47
46	51
50	40
23	22
27	30
38	39
36	32
32	41
42	36
36	20
15	19
19	14
45	19
27	5
52	24
40	22
40	52
42	42

120

550
550
550
550
550
550
550
550
550
550
550
550
550
550
550

20
20
20
20
20
20
20
20
20
20
20
20
20
20
20
20
20
20
20
20
20
20
20
20
20
20
20
20
20
20
20
20
20
20
20
20
20
20
20
20
20
20
20
20
20
20
20
20
20
20
20
20
20
20
20

240
240
240
240
240
240
240
240
240
240
240
240
240
240
240

0

1

