40	
5
5
40

60	52
52	65
85	73
8	61
57	99

76	78
5	61
87	60
37	73
33	86
16	8
82	14
10	97
32	30
55	62
69	3
65	74
49	37
37	94
43	91
61	90
72	44
55	97
96	42
64	20
73	52
51	34
11	50
32	18
10	24
60	15
54	44
90	14
35	36
45	61
2	84
26	76
73	36
19	44
78	55
45	77
55	33
80	49
8	68
9	20

325

1750
1750
1750
1750
1750

28
80
36
22
34
17
82
74
45
71
57
65
61
45
96
92
37
74
17
58
55
76
60
79
73
100
21
93
9
25
85
51
96
33
94
16
64
99
98
59

100
100
100
100
100

0

0
