40	
5
5
40

64	63
51	51
5	17
73	15
38	18

17	71
32	16
36	36
50	3
32	99
43	79
13	47
38	59
62	25
44	1
23	7
13	42
28	51
74	41
77	73
38	86
59	48
16	57
64	78
29	8
69	21
35	61
58	10
93	39
85	96
38	59
4	20
93	47
16	20
28	21
3	78
35	28
63	1
69	39
14	37
7	34
62	78
5	1
93	8
43	90

370

1750
1750
1750
1750
1750

91
61
24
13
61
9
63
54
37
26
12
74
70
81
85
42
15
94
19
54
76
79
90
38
88
95
21
45
58
28
46
89
70
4
63
48
16
58
40
81

100
100
100
100
100

0

0
