40	
5
5
40

18	5
5	59
90	26
16	49
33	18

10	33
12	72
14	23
73	56
62	54
44	51
33	6
11	8
29	31
83	41
28	81
16	13
77	20
32	75
22	58
5	35
7	38
43	99
36	89
46	84
5	13
92	67
12	7
11	93
94	19
78	5
42	4
75	55
32	60
54	35
99	39
27	38
59	9
95	20
80	95
86	65
45	80
28	12
32	85
98	60

275

1750
1750
1750
1750
1750

26
68
39
4
18
98
85
60
80
66
20
36
55
94
31
44
66
1
54
63
16
7
89
98
20
34
91
59
91
10
98
95
43
33
92
51
47
9
20
13

100
100
100
100
100

0

0
