40	
5
5
40

25	75
74	54
4	44
46	22
69	17

1	4
51	75
75	5
17	73
60	50
40	11
68	24
22	48
13	79
35	79
23	52
6	62
99	14
57	37
32	53
4	31
32	40
53	58
47	5
5	97
77	55
29	46
6	13
27	17
34	7
68	50
22	43
100	79
51	49
9	38
67	36
59	40
30	1
72	73
75	10
58	28
58	51
28	39
78	15
25	21

340

1750
1750
1750
1750
1750

17
34
71
99
35
3
48
20
91
20
54
61
35
88
47
54
92
16
37
17
36
49
88
73
27
21
53
88
68
6
75
55
68
99
10
55
75
9
1
36

100
100
100
100
100

0

0
