40	
5
5
40

75	19
7	32
89	20
81	65
53	21

96	82
22	34
83	27
65	56
9	92
5	97
79	37
91	23
7	88
41	84
21	46
88	40
65	18
9	16
82	65
81	97
3	64
38	70
75	19
65	82
72	49
22	80
85	82
71	13
26	29
91	79
55	53
3	84
54	64
67	31
24	50
88	19
51	16
78	99
91	43
71	76
96	80
81	7
70	69
31	64

275

1750
1750
1750
1750
1750

68
87
56
68
54
73
46
9
46
19
82
83
18
59
85
74
20
31
49
26
80
49
15
1
97
62
57
52
30
23
49
72
28
67
37
34
44
94
29
37

100
100
100
100
100

0

0
