40	
5
5
40

86	34
28	62
62	44
19	35
95	4

61	67
14	62
86	10
57	58
13	82
19	45
71	73
3	23
94	66
36	56
22	71
96	45
58	13
58	61
52	62
33	45
8	33
52	9
78	30
32	27
6	9
81	82
97	35
7	80
5	90
62	73
40	45
21	45
7	4
14	66
4	23
42	11
85	77
57	92
56	7
33	57
77	45
21	17
8	60
10	25

390

1750
1750
1750
1750
1750

40
18
87
17
39
51
2
85
64
42
2
92
16
80
58
63
64
28
65
76
93
74
41
28
90
65
45
31
14
66
84
18
100
79
80
87
46
61
76
83

100
100
100
100
100

0

0
